999999 上证指数 日线
      日期	    开盘	    最高	    最低	    收盘	    成交量	    成交额
2009-07-01	2950.17	3009.71	2947.69	3008.15	150140442	156104835072.000
2009-07-02	3015.08	3062.56	3015.08	3060.25	174747706	183504420864.000
2009-07-03	3035.81	3088.86	3029.55	3088.37	174495889	180366131200.000
2009-07-06	3091.48	3128.31	3090.10	3124.67	199131584	206765555712.000
2009-07-07	3118.27	3130.07	3077.48	3089.45	194615508	191155372032.000
2009-07-08	3057.46	3097.96	3011.21	3080.77	177484845	175032877056.000
2009-07-09	3073.52	3123.51	3064.21	3123.03	181390271	187210629120.000
2009-07-10	3124.79	3140.04	3099.99	3113.93	174289453	180566245376.000
2009-07-13	3098.96	3112.88	3076.30	3080.56	167169420	174729494528.000
2009-07-14	3088.58	3147.59	3088.58	3145.16	177534307	181164490752.000
2009-07-15	3156.63	3188.91	3156.63	3188.55	206725619	219623587840.000
2009-07-16	3209.77	3221.07	3175.96	3183.74	205167905	221217079296.000
2009-07-17	3181.06	3197.23	3158.57	3189.74	176252792	188687892480.000
2009-07-20	3203.89	3269.18	3192.90	3266.92	211984020	236527304704.000
2009-07-21	3275.67	3279.59	3207.50	3213.21	215195905	235796234240.000
2009-07-22	3207.99	3301.43	3207.26	3296.61	187782491	209399922688.000
2009-07-23	3301.10	3331.06	3289.22	3328.49	181509538	198042451968.000
2009-07-24	3343.76	3398.05	3306.91	3372.60	208990330	227211132928.000
2009-07-27	3377.72	3435.93	3376.29	3435.21	212417288	243420495872.000
2009-07-28	3434.32	3439.92	3392.43	3438.37	218790299	246796976128.000
2009-07-29	3419.99	3454.02	3174.21	3266.43	303175371	302820589568.000
2009-07-30	3281.20	3336.64	3215.75	3321.56	228951290	226591752192.000
2009-07-31	3354.68	3414.15	3333.72	3412.06	212759397	228121247744.000
2009-08-03	3429.69	3465.17	3398.45	3462.59	218302354	240142925824.000
2009-08-04	3477.11	3478.01	3404.82	3471.44	230009108	255343591424.000
2009-08-05	3467.05	3468.10	3385.42	3428.50	223497078	245403320320.000
2009-08-06	3401.48	3419.74	3309.61	3356.33	196388107	221496000512.000
2009-08-07	3352.66	3374.46	3244.10	3260.69	175290609	189646880768.000
2009-08-10	3287.76	3307.89	3201.06	3249.76	146781023	157350690816.000
2009-08-11	3261.41	3273.02	3222.71	3264.73	119804319	126058643456.000
2009-08-12	3255.99	3255.99	3104.56	3112.72	160388037	162700525568.000
2009-08-13	3112.57	3150.36	3060.12	3140.56	141992895	143513976832.000
2009-08-14	3138.15	3146.00	3039.30	3046.97	148469284	150832480256.000
2009-08-17	2994.87	3020.26	2867.39	2870.63	156815115	143692333056.000
2009-08-18	2845.33	2920.64	2827.11	2910.88	134994685	123230461952.000
2009-08-19	2916.09	2929.06	2761.40	2785.58	140576796	127217909760.000
2009-08-20	2798.37	2914.64	2798.37	2911.58	134285688	126680375296.000
2009-08-21	2905.05	2969.52	2883.27	2960.77	154424035	143164162048.000
2009-08-24	2982.19	3004.90	2944.92	2993.43	137241151	141593133056.000
2009-08-25	2980.10	2980.10	2823.64	2915.80	169038785	165212930048.000
2009-08-26	2889.74	2995.80	2872.26	2967.59	148017497	147103907840.000
2009-08-27	2947.83	2988.03	2909.89	2946.40	157879301	149627813888.000
2009-08-28	2938.42	2949.43	2843.11	2860.69	142735579	137472753664.000
2009-08-31	2817.63	2817.63	2663.00	2667.75	139685050	128345219072.000
2009-09-01	2649.17	2727.08	2639.76	2683.72	119251440	105567608832.000
2009-09-02	2681.33	2729.71	2669.22	2714.97	102232434	91385880576.000
2009-09-03	2722.30	2854.16	2715.62	2845.02	150218174	142565130240.000
2009-09-04	2841.17	2875.98	2827.58	2861.61	147887352	145854660608.000
2009-09-07	2877.62	2919.35	2860.00	2881.12	150735188	150286876672.000
2009-09-08	2865.70	2931.23	2831.85	2930.48	148083061	152212160512.000
2009-09-09	2944.17	2962.29	2900.11	2946.26	148905654	156579758080.000
2009-09-10	2934.96	2958.95	2911.21	2924.88	117502192	119176585216.000
2009-09-11	2917.19	2999.33	2915.90	2989.79	141734122	141400768512.000
2009-09-14	2990.93	3033.08	2984.83	3026.74	159188293	160014417920.000
2009-09-15	3029.10	3050.43	2999.43	3033.73	159377683	162967371776.000
2009-09-16	3027.51	3028.56	2960.59	2999.71	164738362	171562926080.000
2009-09-17	3015.59	3064.23	3015.59	3060.26	176860014	181236170752.000
2009-09-18	3063.31	3068.03	2940.83	2962.67	186678059	184961875968.000
2009-09-21	2937.93	2968.70	2871.65	2967.01	159010147	149654568960.000
2009-09-22	2956.13	2982.90	2896.94	2897.55	142937276	141099270144.000
2009-09-23	2897.81	2924.20	2825.86	2842.72	121360635	119331430400.000
2009-09-24	2824.58	2886.26	2783.11	2853.55	120039005	114126110720.000
2009-09-25	2836.70	2864.07	2812.92	2838.84	88104595	83486932992.000
2009-09-28	2844.37	2857.95	2752.77	2763.52	81369723	77242867712.000
2009-09-29	2763.76	2779.69	2712.30	2754.54	86854612	76708642816.000
2009-09-30	2772.57	2803.86	2763.71	2779.43	75094450	70037258240.000
2009-10-09	2840.13	2912.55	2834.62	2911.72	97067211	95242665984.000
2009-10-12	2927.02	2932.08	2893.57	2894.48	99798716	102000107520.000
2009-10-13	2889.79	2937.82	2886.96	2936.19	90101106	90407895040.000
2009-10-14	2945.67	3010.61	2943.74	2970.53	147615330	144803119104.000
2009-10-15	2994.89	3014.26	2967.11	2979.79	113940267	113218428928.000
2009-10-16	2992.75	3008.18	2931.92	2976.63	105658434	107286978560.000
2009-10-19	2974.64	3039.60	2962.31	3038.27	134983043	143382380544.000
2009-10-20	3062.55	3084.94	3053.64	3084.45	161398115	170665508864.000
2009-10-21	3080.52	3105.51	3062.56	3070.59	150078257	157882990592.000
2009-10-22	3068.68	3080.66	3045.03	3051.41	115141913	121943384064.000
2009-10-23	3057.39	3123.46	3057.39	3107.85	154020439	160256475136.000
2009-10-26	3114.29	3123.36	3083.18	3109.57	126916695	133732409344.000
2009-10-27	3086.09	3086.09	3020.49	3021.46	143799249	143765880832.000
2009-10-28	3014.18	3038.06	2974.26	3031.33	121347041	117980282880.000
2009-10-29	2975.20	2993.44	2952.01	2960.47	125412214	119998873600.000
2009-10-30	3007.25	3027.13	2983.93	2995.85	119313137	120086634496.000
2009-11-02	2933.82	3077.91	2923.52	3076.65	157185573	158645977088.000
2009-11-03	3085.74	3121.20	3078.94	3114.23	166580446	173470744576.000
2009-11-04	3119.31	3141.45	3096.35	3128.54	161404086	166997311488.000
2009-11-05	3133.50	3158.72	3122.52	3155.05	158261311	157770137600.000
2009-11-06	3176.14	3183.57	3156.99	3164.04	178199548	183886888960.000
2009-11-09	3162.15	3176.66	3141.77	3175.58	151529824	161118339072.000
2009-11-10	3203.17	3211.10	3176.25	3178.61	153401892	165199495168.000
2009-11-11	3176.31	3186.59	3149.07	3175.19	137875482	146643075072.000
2009-11-12	3181.46	3199.87	3163.08	3172.95	148659128	154549321728.000
2009-11-13	3164.65	3189.09	3127.50	3187.65	167126733	168500871168.000
2009-11-16	3206.43	3275.55	3206.43	3275.05	217640151	231615381504.000
2009-11-17	3291.04	3298.38	3275.30	3282.89	180125148	197604638720.000
2009-11-18	3287.26	3315.87	3274.21	3303.23	169464797	183665131520.000
2009-11-19	3311.19	3329.03	3285.80	3320.61	192477589	198263635968.000
2009-11-20	3309.38	3332.53	3280.18	3308.35	186993958	202817568768.000
2009-11-23	3312.97	3339.30	3305.50	3338.66	178645302	205482786816.000
2009-11-24	3352.22	3361.39	3214.03	3223.53	272142074	295137214464.000
2009-11-25	3214.81	3291.17	3188.02	3290.17	209369383	222150787072.000
2009-11-26	3296.01	3305.33	3160.35	3170.98	240592473	259123101696.000
2009-11-27	3137.30	3169.75	3080.89	3096.26	170088211	176066297856.000
2009-11-30	3114.29	3195.88	3114.29	3195.30	156491852	163776495616.000
2009-12-01	3191.06	3240.66	3173.42	3235.36	183184633	194723561472.000
2009-12-02	3252.98	3278.27	3245.96	3269.75	189209476	206787985408.000
2009-12-03	3268.00	3270.37	3227.77	3264.63	170458800	191423922176.000
2009-12-04	3256.61	3319.13	3214.84	3317.04	243137888	263158022144.000
2009-12-07	3313.06	3334.01	3302.13	3331.90	157473122	175696068608.000
2009-12-08	3330.33	3330.38	3260.67	3296.66	153232557	166065160192.000
2009-12-09	3258.00	3284.65	3228.20	3239.57	129467596	139285970944.000
2009-12-10	3258.35	3276.13	3225.56	3254.26	105610143	115025215488.000
2009-12-11	3260.45	3280.94	3242.37	3247.32	103129003	109995704320.000
2009-12-14	3246.95	3315.03	3178.23	3302.90	139662238	143874719744.000
2009-12-15	3283.60	3303.18	3267.94	3274.46	116372708	128944832512.000
2009-12-16	3262.86	3299.33	3246.61	3255.21	116058229	125727440896.000
2009-12-17	3261.61	3272.98	3176.63	3179.08	119382283	126605213696.000
2009-12-18	3154.81	3169.58	3108.03	3113.89	113626420	118903316480.000
2009-12-21	3108.07	3123.99	3088.00	3122.97	86047283	92492021760.000
2009-12-22	3126.61	3129.31	3039.86	3050.52	96817288	101680988160.000
2009-12-23	3048.20	3078.84	3041.35	3073.78	90495804	92940558336.000
2009-12-24	3080.87	3156.53	3075.11	3153.41	118410976	126387109888.000
2009-12-25	3149.23	3154.77	3128.15	3141.35	92991117	103124148224.000
2009-12-28	3148.86	3202.09	3148.86	3188.78	103142589	112776953856.000
2009-12-29	3190.17	3212.52	3166.76	3211.76	111437670	118827794432.000
2009-12-30	3211.83	3267.00	3206.22	3262.60	154267502	162894413824.000
2009-12-31	3265.00	3282.21	3250.03	3277.14	133111853	142323580928.000
2010-01-04	3289.75	3295.28	3243.32	3243.76	122446260	136464146432.000
2010-01-05	3254.47	3290.51	3221.46	3282.18	142274964	165339381760.000
2010-01-06	3277.52	3295.87	3253.04	3254.22	135131302	160284426240.000
2010-01-07	3253.99	3268.82	3176.71	3192.78	145228704	160533823488.000
2010-01-08	3177.26	3198.92	3149.02	3196.00	114602542	124813623296.000
2010-01-11	3301.61	3306.75	3197.33	3212.75	161502183	182514876416.000
2010-01-12	3205.71	3275.20	3180.08	3273.97	159128745	177844224000.000
2010-01-13	3204.98	3232.82	3165.49	3172.66	185213143	202360602624.000
2010-01-14	3183.38	3219.02	3165.60	3215.55	151986663	171208540160.000
2010-01-15	3217.19	3241.81	3197.22	3224.15	131414090	153643335680.000
2010-01-18	3213.64	3238.24	3202.21	3237.10	145703541	171726454784.000
2010-01-19	3242.22	3268.81	3236.84	3246.87	144950163	165774835712.000
2010-01-20	3252.04	3255.13	3148.33	3151.85	172555631	195394207744.000
2010-01-21	3154.19	3176.15	3126.90	3158.86	132639666	145694261248.000
2010-01-22	3118.72	3147.83	3062.63	3128.59	156427044	167218413568.000
2010-01-25	3103.32	3137.00	3092.93	3094.41	93994068	98070519808.000
2010-01-26	3094.85	3107.20	3001.96	3019.39	109494648	112348086272.000
2010-01-27	3020.54	3028.65	2972.63	2986.61	93150252	93409853440.000
2010-01-28	2985.21	3006.04	2963.89	2994.14	85167126	87828856832.000
2010-01-29	2979.74	3024.85	2968.45	2989.29	91271121	97625178112.000
2010-02-01	2981.37	2981.37	2912.89	2941.36	100564350	105912139776.000
2010-02-02	2955.75	2990.75	2930.56	2934.71	93734933	99637895168.000
2010-02-03	2945.03	3005.13	2890.02	3003.83	119005326	122261766144.000
2010-02-04	2983.05	3015.13	2968.68	2995.31	111441894	116737007616.000
2010-02-05	2936.20	2959.23	2918.91	2939.40	107746152	112754032640.000
2010-02-08	2936.45	2954.27	2922.19	2935.17	68452323	74134929408.000
2010-02-09	2932.09	2957.47	2929.21	2948.84	69093618	69304770560.000
2010-02-10	2967.14	2983.18	2958.22	2982.50	62322403	68177453056.000
2010-02-11	2985.08	3001.64	2976.08	2985.50	62462059	65796304896.000
2010-02-12	2996.09	3018.86	2993.44	3018.13	60694995	67723890688.000
2010-02-22	3016.70	3026.66	3002.81	3003.40	75193873	79980085248.000
2010-02-23	2998.91	2998.91	2938.75	2982.57	89011528	99815440384.000
2010-02-24	2964.98	3023.74	2955.07	3022.18	99625941	106781057024.000
2010-02-25	3026.66	3063.00	3022.37	3060.62	130544489	140960595968.000
2010-02-26	3053.50	3067.52	3041.69	3051.94	109599886	122741448704.000
2010-03-01	3057.01	3093.09	3054.55	3087.84	120949909	132858732544.000
2010-03-02	3089.71	3095.99	3060.96	3073.11	113653846	125959733248.000
2010-03-03	3074.10	3098.46	3061.47	3097.00	123134064	137578414080.000
2010-03-04	3098.07	3102.40	3016.22	3023.37	136744533	146744852480.000
2010-03-05	3026.64	3044.17	3011.09	3031.06	98280194	106750656512.000
2010-03-08	3036.42	3058.83	3030.91	3053.23	85598074	93590028288.000
2010-03-09	3053.26	3084.85	3028.69	3069.14	99564082	108844580864.000
2010-03-10	3067.15	3085.99	3034.74	3048.93	90553114	99858587648.000
2010-03-11	3050.64	3070.94	3025.31	3051.28	87850575	97785479168.000
2010-03-12	3051.47	3057.52	3011.97	3013.41	77895575	85619236864.000
2010-03-15	3010.72	3013.52	2963.49	2976.94	73318288	76588359680.000
2010-03-16	2974.49	2993.84	2963.44	2992.84	64986778	70928498688.000
2010-03-17	2999.81	3050.76	2994.89	3050.48	96339657	106714079232.000
2010-03-18	3053.16	3063.59	3035.02	3046.09	98192978	109864443904.000
2010-03-19	3046.75	3069.66	3031.02	3067.75	102391879	104729190400.000
2010-03-22	3069.66	3083.34	3061.76	3074.58	105968226	114941353984.000
2010-03-23	3076.96	3082.97	3051.21	3053.13	101281838	109922451456.000
2010-03-24	3058.93	3076.75	3052.21	3056.81	98158386	104740421632.000
2010-03-25	3051.36	3051.36	3012.31	3019.18	97324483	106404888576.000
2010-03-26	3017.22	3067.71	3009.91	3059.72	104093576	110540046336.000
2010-03-29	3076.05	3130.28	3071.69	3123.80	151903445	158427611136.000
2010-03-30	3123.83	3132.58	3113.77	3128.47	112628559	126808973312.000
2010-03-31	3129.57	3130.11	3101.76	3109.10	111534903	124511952896.000
2010-04-01	3111.94	3148.34	3111.94	3147.42	140784312	156081094656.000
2010-04-02	3154.77	3159.60	3141.87	3157.96	133339707	151580262400.000
2010-04-06	3170.61	3177.97	3141.93	3158.68	132234655	146262753280.000
2010-04-07	3156.31	3161.08	3132.24	3148.22	114137792	128495083520.000
2010-04-08	3143.45	3143.83	3110.26	3118.71	126899482	143865167872.000
2010-04-09	3118.93	3146.46	3114.79	3145.35	114165556	135452893184.000
2010-04-12	3151.89	3156.21	3111.90	3129.26	147730700	176520118272.000
2010-04-13	3129.69	3173.63	3101.48	3161.25	161433772	187820982272.000
2010-04-14	3161.55	3167.66	3145.55	3166.18	114888784	139342725120.000
2010-04-15	3168.14	3181.66	3135.99	3164.97	116473283	138487431168.000
2010-04-16	3159.67	3159.67	3121.37	3130.30	95126165	104799354880.000
2010-04-19	3096.78	3096.78	2977.77	2980.30	153147988	160088260608.000
2010-04-20	2980.08	2998.91	2941.35	2979.53	118165377	127159484416.000
2010-04-21	2984.62	3034.33	2972.10	3033.28	131151398	148225933312.000
2010-04-22	3021.29	3023.64	2978.46	2999.48	136997711	155532705792.000
2010-04-23	2995.57	3015.63	2966.78	2983.54	117602051	138032332800.000
2010-04-26	2988.08	2996.83	2965.83	2969.50	104096141	118656204800.000
2010-04-27	2962.15	2962.15	2866.34	2907.93	124398797	133424439296.000
2010-04-28	2883.17	2916.68	2865.47	2900.33	95519308	106520698880.000
2010-04-29	2912.20	2928.93	2867.94	2868.43	99942729	113842536448.000
2010-04-30	2867.65	2875.81	2820.95	2870.61	103631950	108077645824.000
2010-05-04	2821.35	2862.55	2809.13	2835.28	79010405	80475332608.000
2010-05-05	2804.51	2857.29	2770.33	2857.15	112685572	116421984256.000
2010-05-06	2838.95	2838.95	2735.00	2739.70	113710883	115810107392.000
2010-05-07	2685.99	2732.18	2665.81	2688.38	111599524	111011143680.000
2010-05-10	2690.86	2713.06	2646.59	2698.76	99885547	97794236416.000
2010-05-11	2745.60	2751.07	2638.53	2647.57	116181953	104271421440.000
2010-05-12	2628.02	2668.12	2604.20	2655.71	106781856	93549084672.000
2010-05-13	2653.58	2711.07	2646.90	2710.51	103204143	93473619968.000
2010-05-14	2692.10	2712.86	2677.19	2696.63	88118880	84334321664.000
2010-05-17	2663.88	2663.88	2557.24	2559.93	102158254	90516406272.000
2010-05-18	2555.14	2603.32	2529.63	2594.78	103796642	87281336320.000
2010-05-19	2581.63	2623.96	2554.98	2587.81	90466622	78977949696.000
2010-05-20	2571.54	2609.64	2551.45	2555.94	82742614	73910730752.000
2010-05-21	2492.57	2584.45	2481.97	2583.52	103033637	89265422336.000
2010-05-24	2596.32	2680.49	2596.32	2673.42	133321998	124403539968.000
2010-05-25	2654.36	2659.74	2609.09	2622.63	106011461	103243210752.000
2010-05-26	2620.85	2644.94	2610.51	2625.79	81570481	76555304960.000
2010-05-27	2615.10	2662.08	2583.55	2655.92	105685369	98495864832.000
2010-05-28	2680.40	2686.54	2641.41	2655.77	112506324	101415968768.000
2010-05-31	2647.87	2665.39	2591.53	2592.15	97390529	89185116160.000
2010-06-01	2577.76	2598.90	2534.27	2568.28	93289074	81840652288.000
2010-06-02	2548.54	2572.34	2521.06	2571.42	76092486	70990897152.000
2010-06-03	2575.77	2596.14	2551.53	2552.66	86990413	76458418176.000
2010-06-04	2536.23	2556.97	2527.87	2553.59	67027952	61720657920.000
2010-06-07	2508.33	2527.10	2491.66	2511.73	77361116	71384481792.000
2010-06-08	2510.08	2531.88	2491.65	2513.95	71810648	70326272000.000
2010-06-09	2523.88	2589.47	2501.12	2583.87	118099942	105209995264.000
2010-06-10	2561.55	2581.05	2554.79	2562.58	88318601	82079506432.000
2010-06-11	2574.90	2590.98	2566.62	2569.94	77718279	75181211648.000
2010-06-17	2588.97	2595.51	2559.72	2560.25	65401990	62786248704.000
2010-06-18	2556.60	2568.86	2505.33	2513.22	81520182	74230841344.000
2010-06-21	2517.29	2587.34	2504.31	2586.21	99521921	84003921920.000
2010-06-22	2579.63	2598.35	2572.96	2588.70	72428357	66888187904.000
2010-06-23	2576.34	2593.67	2546.52	2569.87	73981579	63488245760.000
2010-06-24	2563.64	2586.90	2554.34	2566.75	58237644	52107341824.000
2010-06-25	2556.54	2572.83	2534.27	2552.82	58477103	52749602816.000
2010-06-28	2550.65	2561.49	2528.39	2535.28	51436894	46192664576.000
2010-06-29	2534.50	2541.14	2425.93	2427.05	93473117	73376808960.000
2010-06-30	2409.54	2411.44	2382.36	2398.37	67271885	52558888960.000
2010-07-01	2393.95	2410.77	2371.78	2373.79	60830287	47582834688.000
2010-07-02	2371.32	2386.40	2319.74	2382.90	84619382	63295938560.000
2010-07-05	2358.76	2378.09	2335.57	2363.95	66879177	44746940416.000
2010-07-06	2358.28	2409.78	2356.55	2409.42	81002890	57628971008.000
2010-07-07	2407.67	2421.68	2392.57	2421.12	67152261	53658542080.000
2010-07-08	2429.68	2436.28	2402.00	2415.15	61164294	51353845760.000
2010-07-09	2416.58	2485.60	2398.68	2470.92	100721616	83453362176.000
2010-07-12	2468.54	2501.02	2455.81	2490.72	94617476	82893856768.000
2010-07-13	2468.69	2468.69	2439.24	2450.29	77640233	64591683584.000
2010-07-14	2456.10	2494.59	2456.10	2470.44	82805377	71385260032.000
2010-07-15	2465.99	2487.24	2423.65	2424.30	117510322	73453322240.000
2010-07-16	2414.68	2428.46	2389.07	2424.27	80934150	56986935296.000
2010-07-19	2399.58	2484.19	2392.27	2475.42	105709765	81159970816.000
2010-07-20	2477.75	2530.33	2477.46	2528.73	132382407	113278976000.000
2010-07-21	2529.62	2553.45	2520.15	2535.39	125845262	107158831104.000
2010-07-22	2525.98	2563.24	2522.20	2562.41	116699864	97057193984.000
2010-07-23	2566.85	2579.52	2549.24	2572.03	125865113	102633529344.000
2010-07-26	2576.37	2589.48	2556.47	2588.68	104540608	89753591808.000
2010-07-27	2581.59	2588.00	2565.64	2575.37	99031008	86319177728.000
2010-07-28	2574.32	2636.00	2564.16	2633.66	146193028	123955986432.000
2010-07-29	2635.05	2656.41	2623.94	2648.12	156572147	133051867136.000
2010-07-30	2642.85	2643.03	2614.73	2637.50	107066470	95401328640.000
2010-08-02	2635.81	2675.76	2633.65	2672.52	131925766	112156983296.000
2010-08-03	2678.79	2681.79	2626.72	2627.00	145598069	132380147712.000
2010-08-04	2620.50	2638.90	2589.99	2638.52	133762153	115185516544.000
2010-08-05	2636.24	2640.59	2606.62	2620.76	128048820	116955758592.000
2010-08-06	2618.71	2659.41	2598.91	2658.39	134772714	124990824448.000
2010-08-09	2656.36	2676.09	2650.40	2672.53	137100459	128442892288.000
2010-08-10	2672.79	2675.31	2594.34	2595.27	141535687	131287285760.000
2010-08-11	2587.61	2618.45	2586.02	2607.50	100286699	90162544640.000
2010-08-12	2584.92	2608.76	2570.96	2575.48	106481034	97353187328.000
2010-08-13	2576.69	2607.03	2564.84	2606.70	99461717	92588507136.000
2010-08-16	2603.79	2665.31	2596.77	2661.71	140100013	132298571776.000
2010-08-17	2663.18	2677.57	2654.01	2671.89	133731067	129954709504.000
2010-08-18	2674.50	2687.76	2654.41	2666.30	149040315	130297298944.000
2010-08-19	2669.43	2701.93	2659.30	2687.98	143211372	134944219136.000
2010-08-20	2677.02	2683.29	2636.91	2642.31	133844304	121635749888.000
2010-08-23	2637.82	2656.12	2629.71	2639.37	97571923	92616466432.000
2010-08-24	2636.53	2667.17	2614.56	2650.31	123896078	108055461888.000
2010-08-25	2634.95	2645.50	2595.73	2596.58	122661110	109756227584.000
2010-08-26	2604.88	2616.96	2590.61	2603.48	89344083	82918244352.000
2010-08-27	2602.50	2613.49	2588.64	2610.74	76986973	75938496512.000
2010-08-30	2622.27	2656.35	2620.19	2652.66	123486988	122287529984.000
2010-08-31	2644.79	2647.25	2626.79	2638.80	119586757	125726466048.000
2010-09-01	2641.05	2662.88	2604.49	2622.88	146411847	140401836032.000
2010-09-02	2646.89	2659.98	2636.42	2655.78	134796040	143355281408.000
2010-09-03	2658.13	2660.54	2631.85	2655.39	139408992	147162251264.000
2010-09-06	2667.20	2698.60	2664.24	2696.25	160113842	162059878400.000
2010-09-07	2698.22	2704.93	2679.02	2698.36	122360269	124792127488.000
2010-09-08	2687.71	2695.84	2674.32	2695.29	121039753	131883130880.000
2010-09-09	2698.64	2698.64	2651.60	2656.35	143897600	157340008448.000
2010-09-10	2657.24	2667.84	2628.83	2663.21	127547302	135542571008.000
2010-09-13	2665.66	2696.67	2660.61	2688.32	131056020	142229553152.000
2010-09-14	2694.07	2703.78	2678.97	2688.52	131193840	142244904960.000
2010-09-15	2688.39	2688.49	2645.86	2652.50	131545383	139548196864.000
2010-09-16	2646.92	2653.27	2583.34	2602.47	132904630	129965547520.000
2010-09-17	2607.55	2615.08	2592.53	2598.69	91459003	95490260992.000
2010-09-20	2601.48	2607.35	2573.63	2588.71	87931329	90694819840.000
2010-09-21	2593.76	2601.10	2580.18	2591.55	63513973	66941636608.000
2010-09-27	2600.54	2629.04	2597.14	2627.97	85235163	91411193856.000
2010-09-28	2625.33	2625.33	2607.02	2611.35	105640579	116434239488.000
2010-09-29	2608.92	2634.12	2603.93	2610.68	94705134	106652065792.000
2010-09-30	2599.72	2656.00	2597.60	2655.66	99965653	108229115904.000
2010-10-08	2681.25	2747.80	2677.99	2738.74	154842792	170309713920.000
2010-10-11	2755.03	2823.60	2755.03	2806.94	234107302	257132150784.000
2010-10-12	2795.76	2843.43	2782.34	2841.41	183345099	214009315328.000
2010-10-13	2842.14	2862.03	2826.22	2861.36	204856265	231006109696.000
2010-10-14	2881.55	2919.41	2864.52	2879.64	252315867	268050890752.000
2010-10-15	2863.74	2971.16	2858.22	2971.16	270345644	277649457152.000
2010-10-18	2985.46	3026.10	2944.72	2955.23	313731778	307579420672.000
2010-10-19	2949.63	3002.37	2931.91	3001.85	200031343	203737612288.000
2010-10-20	2947.51	3041.15	2942.50	3003.95	248942325	267939020800.000
2010-10-21	3009.23	3018.24	2958.55	2983.53	184194818	208327999488.000
2010-10-22	2976.75	2997.62	2954.62	2975.04	164470069	197210079232.000
2010-10-25	2979.71	3051.54	2959.30	3051.42	215013384	254642405376.000
2010-10-26	3065.84	3073.38	3017.82	3041.54	218718676	263036665856.000
2010-10-27	3031.65	3056.40	2988.87	2997.05	200359640	233282994176.000
2010-10-28	2989.29	3007.01	2969.30	2992.58	163821966	188158951424.000
2010-10-29	2993.30	2996.77	2955.48	2978.83	169299934	197660704768.000
2010-11-01	2986.89	3054.05	2986.89	3054.02	212136776	253939204096.000
2010-11-02	3061.63	3089.57	3029.32	3045.43	247101256	309231124480.000
2010-11-03	3044.02	3069.07	3017.10	3030.99	212275690	247261790208.000
2010-11-04	3035.37	3087.42	3035.37	3086.94	196342867	230744375296.000
2010-11-05	3129.87	3142.59	3105.92	3129.50	227970097	275354320896.000
2010-11-08	3140.40	3160.70	3124.09	3159.51	223699939	261671583744.000
2010-11-09	3159.02	3159.02	3110.34	3135.00	210097603	250331971584.000
2010-11-10	3120.44	3124.26	3093.88	3115.36	204678936	251614150656.000
2010-11-11	3108.51	3186.72	3102.77	3147.74	235039423	290302033920.000
2010-11-12	3121.92	3150.15	2975.16	2985.44	275732636	303388196864.000
2010-11-15	2984.87	3016.13	2939.68	3014.41	182643164	200616001536.000
2010-11-16	3007.64	3007.64	2885.75	2894.54	202748649	225428537344.000
2010-11-17	2852.48	2891.05	2824.12	2838.86	150755557	162051637248.000
2010-11-18	2855.60	2873.70	2827.18	2865.45	128359873	130717966336.000
2010-11-19	2879.66	2888.75	2806.64	2888.57	151705030	158924800000.000
2010-11-22	2861.61	2904.97	2852.77	2884.37	149004432	165210783744.000
2010-11-23	2872.17	2872.17	2791.58	2828.28	138528668	147786465280.000
2010-11-24	2794.86	2861.49	2794.86	2859.94	138859441	150474817536.000
2010-11-25	2875.86	2901.68	2856.96	2898.26	150993379	169509027840.000
2010-11-26	2890.29	2894.42	2851.96	2871.70	124679931	145357275136.000
2010-11-29	2861.15	2878.83	2841.79	2866.36	115034138	135520182272.000
2010-11-30	2863.41	2881.16	2758.92	2820.18	164585303	176139042816.000
2010-12-01	2810.54	2834.20	2795.81	2823.45	93095696	105726959616.000
2010-12-02	2860.46	2870.81	2841.47	2843.61	115736917	133725143040.000
2010-12-03	2846.73	2853.40	2822.74	2842.43	96481075	107496554496.000
2010-12-06	2850.38	2871.41	2831.70	2857.18	103928537	112639049728.000
2010-12-07	2843.77	2884.53	2809.11	2875.86	101184182	113049059328.000
2010-12-08	2868.73	2880.56	2843.94	2848.55	99224980	111757533184.000
2010-12-09	2837.61	2854.70	2808.51	2810.95	104740660	109956661248.000
2010-12-10	2798.74	2850.42	2792.52	2841.04	92410224	99589226496.000
2010-12-13	2850.32	2923.77	2847.66	2922.95	144036381	161839710208.000
2010-12-14	2928.30	2933.41	2912.42	2927.08	132789463	154467745792.000
2010-12-15	2927.26	2939.05	2905.65	2911.41	121115585	144768040960.000
2010-12-16	2908.86	2921.27	2891.86	2898.14	95086936	110768857088.000
2010-12-17	2896.77	2898.81	2881.00	2893.74	81044838	94717992960.000
2010-12-20	2901.47	2911.56	2804.56	2852.92	133646239	148829650944.000
2010-12-21	2857.59	2908.17	2846.63	2904.11	126443460	138778656768.000
2010-12-22	2910.73	2917.20	2867.05	2877.90	111527796	127590596608.000
2010-12-23	2874.20	2893.71	2849.84	2855.22	101062518	110854176768.000
2010-12-24	2841.35	2853.49	2813.50	2835.16	94833605	97556463616.000
2010-12-27	2842.81	2876.81	2774.54	2781.40	113573302	125178019840.000
2010-12-28	2768.03	2775.15	2730.41	2732.99	99402208	98704146432.000
2010-12-29	2735.48	2753.02	2721.48	2751.53	73072702	77247209472.000
2010-12-30	2751.97	2768.13	2724.54	2759.57	83045226	87203594240.000
2010-12-31	2759.16	2808.93	2758.13	2808.08	94574606	109728227328.000
2011-01-04	2825.33	2855.40	2810.11	2852.65	122603786	147099287552.000
2011-01-05	2833.12	2850.49	2824.30	2838.59	115080018	136605556736.000
2011-01-06	2838.44	2853.88	2816.95	2824.20	93262308	114393079808.000
2011-01-07	2820.67	2868.00	2807.87	2838.80	130892453	139308482560.000
2011-01-10	2832.62	2847.36	2786.86	2791.81	102350530	112231858176.000
2011-01-11	2783.48	2810.76	2770.34	2804.05	91000762	95790473216.000
2011-01-12	2811.78	2828.47	2788.13	2821.30	88306879	89286860800.000
2011-01-13	2830.53	2837.53	2810.87	2827.71	82491775	88898904064.000
2011-01-14	2817.05	2817.05	2780.44	2791.34	84545719	91633254400.000
2011-01-17	2772.45	2780.94	2698.78	2706.66	108833417	106820714496.000
2011-01-18	2696.15	2715.41	2683.37	2708.98	69954664	68839817216.000
2011-01-19	2707.82	2759.60	2700.81	2758.10	88787874	90985005056.000
2011-01-20	2752.80	2752.80	2676.13	2677.65	96939735	96876167168.000
2011-01-21	2668.68	2746.18	2667.29	2715.29	110451978	104579031040.000
2011-01-24	2716.52	2736.11	2690.65	2695.72	97761295	97331437568.000
2011-01-25	2691.69	2701.04	2661.45	2677.43	79592282	76698460160.000
2011-01-26	2677.17	2710.74	2676.77	2708.81	67051842	68095148032.000
2011-01-27	2690.82	2753.00	2677.21	2749.15	117284234	116641243136.000
2011-01-28	2741.31	2759.44	2733.29	2752.75	91330388	99291856896.000
2011-01-31	2751.53	2790.92	2748.54	2790.69	98398465	107657560064.000
2011-02-01	2795.07	2805.05	2785.30	2798.96	78654505	90772496384.000
2011-02-09	2778.70	2804.21	2764.87	2774.06	95661046	105899646976.000
2011-02-10	2769.65	2819.06	2760.18	2818.16	106859974	118279651328.000
2011-02-11	2815.12	2835.41	2807.60	2827.33	116818537	128777969664.000
2011-02-14	2828.57	2906.26	2828.57	2899.13	171236743	182199173120.000
2011-02-15	2900.43	2934.47	2892.64	2899.24	168122251	189514072064.000
2011-02-16	2893.68	2924.19	2882.55	2923.90	139229772	161636286464.000
2011-02-17	2929.25	2939.28	2905.03	2926.96	141037735	170609098752.000
2011-02-18	2924.23	2924.23	2890.26	2899.79	124413192	143486877696.000
2011-02-21	2886.54	2932.82	2884.19	2932.25	130003748	147746553856.000
2011-02-22	2941.32	2944.41	2851.62	2855.52	171422414	194421161984.000
2011-02-23	2844.99	2868.48	2839.20	2862.63	120439995	138999595008.000
2011-02-24	2861.39	2881.54	2854.56	2878.60	119196731	138582360064.000
2011-02-25	2876.78	2890.32	2848.65	2878.56	109603082	125575315456.000
2011-02-28	2880.17	2906.17	2861.82	2905.05	127274935	149576318976.000
2011-03-01	2906.28	2931.58	2901.55	2918.92	148645028	173892157440.000
2011-03-02	2905.51	2924.96	2883.57	2913.81	144173382	167054180352.000
2011-03-03	2918.73	2937.56	2900.76	2902.98	164828973	179827998720.000
2011-03-04	2902.19	2944.46	2898.08	2942.31	129271958	146052792320.000
2011-03-07	2952.72	3000.43	2952.72	2996.21	177510040	210234769408.000
2011-03-08	2996.73	3001.62	2976.60	2999.94	137269607	170430955520.000
2011-03-09	3002.55	3012.04	2989.34	3002.15	135053915	166821396480.000
2011-03-10	2995.77	2995.77	2954.37	2957.14	135238994	168228782080.000
2011-03-11	2942.42	2966.98	2927.68	2933.80	127845915	154274938880.000
2011-03-14	2923.98	2939.65	2914.46	2937.63	125582010	153795985408.000
2011-03-15	2927.98	2927.98	2850.95	2896.26	172272612	189815701504.000
2011-03-16	2894.25	2934.02	2894.25	2930.80	140044614	167171293184.000
2011-03-17	2906.96	2935.63	2885.65	2897.30	147421746	171981078528.000
2011-03-18	2920.81	2930.61	2900.87	2906.89	107808469	128490897408.000
2011-03-21	2913.91	2927.07	2895.15	2909.14	105097982	123623440384.000
2011-03-22	2917.69	2923.39	2884.75	2919.14	106469168	121852993536.000
2011-03-23	2919.02	2950.42	2911.63	2948.48	122810342	139787780096.000
2011-03-24	2949.85	2958.66	2942.13	2946.71	116307680	138238558208.000
2011-03-25	2948.54	2985.08	2946.70	2977.81	153205493	173562363904.000
2011-03-28	2985.36	3005.78	2979.20	2984.00	169306069	198231261184.000
2011-03-29	2979.86	2994.17	2953.54	2958.08	180640107	201697280000.000
2011-03-30	2955.45	2968.18	2935.75	2955.77	139370046	154444988416.000
2011-03-31	2954.65	2961.63	2914.38	2928.11	116767620	135660912640.000
2011-04-01	2932.48	2967.85	2924.39	2967.41	110219751	127272837120.000
2011-04-06	2964.21	3005.24	2963.90	3001.36	156718414	178704629760.000
2011-04-07	3003.20	3012.29	2990.31	3007.91	133886713	154311131136.000
2011-04-08	3005.37	3031.10	2998.34	3030.02	123817025	148542341120.000
2011-04-11	3037.91	3059.57	3019.89	3022.75	158087448	184386568192.000
2011-04-12	3012.79	3039.12	3003.45	3021.37	157956281	167117832192.000
2011-04-13	3006.83	3050.40	2994.47	3050.40	138585678	148905771008.000
2011-04-14	3049.67	3058.24	3036.73	3042.64	140801851	150275932160.000
2011-04-15	3036.34	3062.53	3020.16	3050.53	141741926	150697164800.000
2011-04-18	3040.53	3067.46	3037.19	3057.33	150764093	162870640640.000
2011-04-19	3038.81	3038.81	2996.22	2999.04	153485258	167927742464.000
2011-04-20	3005.98	3019.12	2992.67	3007.04	128317167	144904617984.000
2011-04-21	3021.77	3035.47	3012.54	3026.67	128332496	148319436800.000
2011-04-22	3025.70	3032.97	3004.47	3010.52	124375145	138236018688.000
2011-04-25	3003.03	3003.61	2964.64	2964.95	128284888	142058225664.000
2011-04-26	2956.95	2970.28	2931.50	2938.98	106497504	113890836480.000
2011-04-27	2946.33	2961.13	2907.66	2925.41	116709578	116293386240.000
2011-04-28	2937.95	2953.19	2884.84	2887.04	121275676	117862817792.000
2011-04-29	2886.63	2913.56	2871.01	2911.51	101989391	95097004032.000
2011-05-03	2911.51	2933.46	2890.23	2932.19	108343988	104159657984.000
2011-05-04	2916.84	2916.97	2860.07	2866.02	124379051	126914650112.000
2011-05-05	2854.77	2880.13	2849.91	2872.40	98861012	99921805312.000
2011-05-06	2842.76	2881.71	2834.46	2863.89	102577116	106606075904.000
2011-05-09	2868.24	2885.18	2861.42	2872.46	87632168	94783381504.000
2011-05-10	2876.98	2891.03	2865.10	2890.63	87583240	96995082240.000
2011-05-11	2890.35	2897.14	2868.35	2883.42	97584234	107788017664.000
2011-05-12	2864.98	2876.45	2843.10	2844.08	106428484	115013320704.000
2011-05-13	2846.31	2871.99	2832.25	2871.03	103797662	105286844416.000
2011-05-16	2864.38	2877.09	2846.31	2849.07	91146871	96655507456.000
2011-05-17	2846.45	2869.23	2821.20	2852.77	102872165	110882775040.000
2011-05-18	2846.73	2877.43	2843.68	2872.77	83814176	91304460288.000
2011-05-19	2879.39	2884.14	2856.83	2859.57	83407241	92002295808.000
2011-05-20	2858.31	2866.76	2850.45	2858.46	75151421	84605231104.000
2011-05-23	2853.29	2853.29	2771.12	2774.57	107910958	112663347200.000
2011-05-24	2766.06	2771.75	2744.78	2767.06	82556845	89829720064.000
2011-05-25	2764.56	2771.18	2737.33	2741.74	80872913	87059824640.000
2011-05-26	2755.39	2764.89	2734.54	2736.53	86296156	93521297408.000
2011-05-27	2739.39	2746.84	2708.55	2709.95	93607904	93187325952.000
2011-05-30	2704.49	2728.06	2689.21	2706.36	73811397	72145698816.000
2011-05-31	2707.56	2744.93	2702.09	2743.47	78432043	79055486976.000
2011-06-01	2737.06	2744.56	2726.50	2743.57	79444360	78783373312.000
2011-06-02	2715.32	2728.00	2676.54	2705.18	96806564	95553929216.000
2011-06-03	2701.77	2732.43	2701.25	2728.02	74710689	79125315584.000
2011-06-07	2720.97	2745.77	2717.31	2744.30	71784301	79913369600.000
2011-06-08	2742.04	2754.12	2715.25	2750.29	80551647	88231337984.000
2011-06-09	2743.54	2747.33	2702.70	2703.34	88705414	95853101056.000
2011-06-10	2696.13	2707.74	2672.32	2705.14	79638863	83971416064.000
2011-06-13	2687.65	2703.42	2669.40	2700.38	69760572	74062381056.000
2011-06-14	2696.22	2735.55	2691.67	2730.04	89853815	96063504384.000
2011-06-15	2717.68	2730.48	2705.07	2705.43	79347958	86069469184.000
2011-06-16	2685.63	2691.94	2663.12	2664.28	76455594	77300768768.000
2011-06-17	2661.41	2675.03	2641.39	2642.82	70244511	75238383616.000
2011-06-20	2635.83	2637.88	2610.99	2621.25	67629608	66141503488.000
2011-06-21	2628.02	2648.02	2618.81	2646.48	71564203	74109124608.000
2011-06-22	2648.53	2657.73	2633.47	2649.32	63745434	65344770048.000
2011-06-23	2640.66	2693.42	2630.34	2688.25	81092961	83468582912.000
2011-06-24	2678.05	2759.71	2674.30	2746.21	139445432	144335912960.000
2011-06-27	2746.79	2769.04	2743.50	2758.23	110150858	117141372928.000
2011-06-28	2759.71	2763.28	2736.40	2759.20	94974797	104902033408.000
2011-06-29	2757.40	2759.23	2727.25	2728.48	94571113	99758456832.000
2011-06-30	2729.99	2774.36	2729.99	2762.08	102322632	104379187200.000
2011-07-01	2767.83	2778.67	2752.97	2759.36	101893132	106444529664.000
2011-07-04	2770.94	2813.27	2770.94	2812.82	138419239	145547640832.000
2011-07-05	2812.72	2818.14	2799.11	2816.35	117236370	129553776640.000
2011-07-06	2811.81	2811.81	2780.73	2810.48	110007038	122990297088.000
2011-07-07	2813.19	2825.12	2793.89	2794.27	126737517	141310181376.000
2011-07-08	2797.03	2807.38	2784.13	2797.77	92237122	103601684480.000
2011-07-11	2789.45	2807.32	2780.67	2802.69	91836057	102142574592.000
2011-07-12	2783.72	2783.72	2752.19	2754.58	103674393	112393633792.000
2011-07-13	2756.03	2797.27	2756.03	2795.48	99659093	108678397952.000
2011-07-14	2798.21	2811.70	2788.98	2810.44	109687292	126290747392.000
2011-07-15	2803.58	2821.34	2794.16	2820.17	114861888	128574341120.000
2011-07-18	2821.36	2826.96	2807.11	2816.69	113465532	130225938432.000
2011-07-19	2804.92	2809.31	2790.69	2796.98	97197375	110702043136.000
2011-07-20	2810.44	2817.28	2779.38	2794.21	88551256	100294746112.000
2011-07-21	2795.90	2799.85	2763.42	2765.89	88746469	96644841472.000
2011-07-22	2769.86	2782.17	2763.80	2770.79	74461446	83016957952.000
2011-07-25	2759.63	2759.63	2680.75	2688.75	111242249	120856436736.000
2011-07-26	2685.75	2704.94	2677.12	2703.03	72881454	79482937344.000
2011-07-27	2690.14	2726.80	2680.43	2723.49	80407781	92082364416.000
2011-07-28	2701.77	2712.09	2684.66	2708.78	78474915	90451812352.000
2011-07-29	2706.50	2721.53	2681.27	2701.73	75471655	83784761344.000
2011-08-01	2697.57	2712.89	2688.53	2703.78	59000711	66073997312.000
2011-08-02	2689.97	2689.97	2651.28	2679.26	69993181	77994115072.000
2011-08-03	2659.12	2688.06	2654.36	2678.49	63981610	73381011456.000
2011-08-04	2683.19	2698.81	2675.53	2684.04	58872111	69338644480.000
2011-08-05	2620.28	2644.58	2605.14	2626.42	78571833	87777763328.000
2011-08-08	2599.29	2614.19	2497.92	2526.82	110302496	117550546944.000
2011-08-09	2468.03	2537.41	2437.68	2526.07	103723892	107745075200.000
2011-08-10	2562.39	2579.16	2544.95	2549.18	100369343	104038326272.000
2011-08-11	2508.86	2582.16	2505.01	2581.51	95597265	100089143296.000
2011-08-12	2593.40	2605.45	2585.85	2593.17	97171206	100034764800.000
2011-08-15	2598.14	2627.10	2584.41	2626.77	88676842	90997350400.000
2011-08-16	2627.85	2636.36	2601.50	2608.17	85226861	90247921664.000
2011-08-17	2603.96	2617.17	2596.04	2601.26	70109146	72200593408.000
2011-08-18	2601.99	2603.49	2556.86	2559.47	70989277	76087951360.000
2011-08-19	2519.65	2538.27	2513.75	2534.36	70606801	73771900928.000
2011-08-22	2534.57	2553.42	2507.78	2515.86	61214429	65524543488.000
2011-08-23	2524.88	2554.18	2514.95	2554.02	60944193	63210700800.000
2011-08-24	2562.41	2569.28	2536.26	2541.09	65462469	70690693120.000
2011-08-25	2546.40	2616.30	2545.05	2615.26	104537978	104570298368.000
2011-08-26	2602.21	2616.64	2593.24	2612.19	77850450	81503338496.000
2011-08-29	2595.47	2595.47	2570.84	2576.41	73696095	78406746112.000
2011-08-30	2592.60	2615.14	2563.69	2566.59	75910686	79541813248.000
2011-08-31	2566.53	2574.42	2545.10	2567.34	59169720	62236266496.000
2011-09-01	2569.80	2584.80	2547.85	2556.04	57290927	59881558016.000
2011-09-02	2551.56	2557.31	2517.62	2528.28	54436581	55969021952.000
2011-09-05	2510.10	2510.10	2478.20	2478.74	55031066	56402276352.000
2011-09-06	2465.56	2482.24	2459.54	2470.52	49223173	50140332032.000
2011-09-07	2480.94	2516.75	2475.22	2516.09	59665860	61951467520.000
2011-09-08	2523.96	2524.38	2498.11	2498.94	55271952	60046843904.000
2011-09-09	2506.97	2528.42	2487.15	2497.75	51253380	53535158272.000
2011-09-13	2467.73	2477.08	2453.80	2471.30	49930919	51851702272.000
2011-09-14	2478.59	2485.93	2439.37	2484.83	54065977	54761652224.000
2011-09-15	2482.86	2496.57	2477.65	2479.05	56003688	55860903936.000
2011-09-16	2490.18	2499.48	2475.76	2482.34	47986854	49584869376.000
2011-09-19	2469.60	2469.60	2437.17	2437.79	48746822	48599666688.000
2011-09-20	2433.72	2460.03	2426.70	2447.75	46265892	47956373504.000
2011-09-21	2450.12	2517.67	2438.85	2512.96	86689276	88188035072.000
2011-09-22	2491.21	2499.98	2442.46	2443.06	74695409	74891288576.000
2011-09-23	2411.83	2440.75	2400.14	2433.16	67302693	67947196416.000
2011-09-26	2416.23	2441.73	2384.64	2393.18	57425042	58915926016.000
2011-09-27	2410.99	2423.91	2395.16	2415.05	55231432	55315103744.000
2011-09-28	2427.29	2430.27	2383.40	2392.06	55758447	55720882176.000
2011-09-29	2378.42	2387.54	2358.57	2365.34	59191239	57021448192.000
2011-09-30	2368.40	2377.54	2348.22	2359.22	48818372	46104608768.000
2011-10-10	2363.08	2368.15	2338.69	2344.79	41745306	39926411264.000
2011-10-11	2401.74	2412.38	2323.41	2348.52	63975806	62773514240.000
2011-10-12	2335.49	2421.69	2318.63	2420.00	91508568	84438392832.000
2011-10-13	2412.83	2439.64	2406.28	2438.79	87860106	82192310272.000
2011-10-14	2429.89	2437.59	2409.29	2431.38	60673160	58276065280.000
2011-10-17	2434.49	2452.99	2424.73	2440.40	58267682	57704517632.000
2011-10-18	2423.28	2425.65	2378.67	2383.49	79525744	69338906624.000
2011-10-19	2387.83	2401.69	2374.42	2377.51	58534637	53173514240.000
2011-10-20	2365.91	2368.64	2315.90	2331.37	65425215	57867763712.000
2011-10-21	2330.51	2340.31	2313.78	2317.27	48436725	43725377536.000
2011-10-24	2322.02	2371.09	2307.15	2370.33	70874071	62971555840.000
2011-10-25	2366.40	2414.05	2357.39	2409.67	90888876	83635003392.000
2011-10-26	2398.19	2448.98	2394.73	2427.48	107447168	98578022400.000
2011-10-27	2432.47	2449.70	2426.31	2435.61	82408961	75098562560.000
2011-10-28	2462.08	2483.76	2456.18	2473.41	110032721	104186691584.000
2011-10-31	2470.25	2478.31	2455.21	2468.25	84172562	81783447552.000
2011-11-01	2450.33	2491.35	2445.53	2470.02	88892417	85052776448.000
2011-11-02	2437.87	2505.12	2433.72	2504.11	105468200	102082764800.000
2011-11-03	2510.84	2535.24	2507.30	2508.09	136576325	136305606656.000
2011-11-04	2525.24	2536.78	2512.90	2528.29	101873675	99981180928.000
2011-11-07	2518.90	2536.18	2507.61	2509.80	78867174	78893506560.000
2011-11-08	2514.26	2524.82	2500.02	2503.84	78672656	76914040832.000
2011-11-09	2512.59	2527.70	2489.02	2524.92	78208572	78141603840.000
2011-11-10	2498.59	2507.45	2478.14	2479.54	87111088	85463859200.000
2011-11-11	2483.96	2496.53	2472.76	2481.08	66137668	65005133824.000
2011-11-14	2498.67	2529.63	2496.33	2528.71	81229812	82523783168.000
2011-11-15	2525.95	2534.06	2518.70	2529.76	79227750	80497344512.000
2011-11-16	2529.07	2529.46	2456.86	2466.96	93382109	92396961792.000
2011-11-17	2467.70	2482.53	2459.17	2463.05	66414285	65902702592.000
2011-11-18	2448.39	2448.51	2411.04	2416.56	72180807	70566567936.000
2011-11-21	2416.73	2419.24	2396.09	2415.13	50170366	49511108608.000
2011-11-22	2400.98	2414.85	2387.83	2412.63	51443233	50689585152.000
2011-11-23	2415.20	2418.56	2390.65	2395.06	50547850	50043359232.000
2011-11-24	2379.15	2409.72	2370.70	2397.55	52154150	51411099648.000
2011-11-25	2393.33	2403.94	2372.62	2380.22	45362552	46246207488.000
2011-11-28	2383.89	2396.83	2372.16	2383.03	46064666	46414831616.000
2011-11-29	2398.99	2413.33	2388.20	2412.39	55123190	57068883968.000
2011-11-30	2406.33	2407.33	2319.44	2333.41	76611104	72215265280.000
2011-12-01	2392.49	2423.56	2376.92	2386.86	98650046	95200518144.000
2011-12-02	2374.90	2378.30	2344.85	2360.66	59868845	57320157184.000
2011-12-05	2363.11	2363.13	2327.61	2333.23	52214969	48641216512.000
2011-12-06	2326.66	2331.89	2310.16	2325.91	45917077	42625593344.000
2011-12-07	2325.56	2339.85	2317.81	2332.73	41570306	39767465984.000
2011-12-08	2329.91	2346.65	2302.64	2329.82	51473520	49219493888.000
2011-12-09	2315.51	2331.26	2309.46	2315.27	39988559	38885195776.000
2011-12-12	2312.15	2315.81	2290.26	2291.54	39632578	36516061184.000
2011-12-13	2283.22	2285.81	2245.87	2248.59	58627478	51593326592.000
2011-12-14	2241.39	2256.74	2224.73	2228.52	44079822	38621179904.000
2011-12-15	2215.79	2216.91	2179.47	2180.90	56712186	47305129984.000
2011-12-16	2179.51	2225.54	2170.75	2224.84	57265903	50568966144.000
2011-12-19	2208.07	2221.45	2164.89	2218.24	57818464	49717682176.000
2011-12-20	2209.70	2239.86	2206.52	2215.93	52761113	46564368384.000
2011-12-21	2230.18	2237.47	2188.71	2191.15	50877262	46125531136.000
2011-12-22	2178.57	2201.59	2149.42	2186.30	58986117	48023420928.000
2011-12-23	2183.91	2219.79	2178.14	2204.78	52421325	43478781952.000
2011-12-26	2193.66	2213.45	2186.07	2190.11	43613663	36403331072.000
2011-12-27	2186.71	2196.97	2162.72	2166.21	45712179	37400002560.000
2011-12-28	2157.65	2170.67	2134.02	2170.01	49633435	40007344128.000
2011-12-29	2161.18	2181.96	2157.11	2173.56	44749200	35989659648.000
2011-12-30	2177.52	2200.99	2177.52	2199.42	51943838	42698833920.000
2012-01-04	2212.00	2217.52	2168.64	2169.39	49245537	40632918016.000
2012-01-05	2160.90	2183.40	2145.56	2148.45	58743447	46603964416.000
2012-01-06	2148.15	2164.32	2132.63	2163.40	50583054	39465869312.000
2012-01-09	2164.74	2226.22	2148.45	2225.89	76759839	62132965376.000
2012-01-10	2221.83	2288.63	2218.27	2285.74	109585415	91045904384.000
2012-01-11	2282.91	2290.64	2265.19	2276.05	84441781	74264707072.000
2012-01-12	2268.74	2295.22	2265.26	2275.01	71569994	63945879552.000
2012-01-13	2277.08	2281.53	2225.74	2244.58	71474322	64030023680.000
2012-01-16	2230.43	2241.26	2206.04	2206.19	45859522	42884792320.000
2012-01-17	2206.53	2298.38	2196.12	2298.38	87803560	77406846976.000
2012-01-18	2298.83	2311.58	2257.90	2266.38	89940422	80655237120.000
2012-01-19	2266.08	2305.71	2259.34	2296.07	72498861	63886737408.000
2012-01-20	2300.50	2322.89	2293.89	2319.12	69922753	62906417152.000
2012-01-30	2324.49	2324.49	2284.29	2285.04	58413687	51868459008.000
2012-01-31	2285.95	2296.38	2277.06	2292.61	48738325	43777519616.000
2012-02-01	2288.07	2305.86	2263.34	2268.08	53553811	48554971136.000
2012-02-02	2273.85	2312.56	2268.69	2312.56	63471872	57682362368.000
2012-02-03	2306.66	2336.27	2300.98	2330.41	78943697	70249340928.000
2012-02-06	2334.25	2341.57	2317.42	2331.14	75734477	67305627648.000
2012-02-07	2319.42	2319.71	2278.82	2291.90	67326906	58091081728.000
2012-02-08	2291.81	2350.97	2286.82	2347.53	87114528	80885694464.000
2012-02-09	2344.22	2363.61	2333.94	2349.59	98032325	89658695680.000
2012-02-10	2342.01	2368.98	2339.89	2351.98	96501619	82222465024.000
2012-02-13	2332.05	2365.34	2325.03	2351.85	86263585	77715390464.000
2012-02-14	2348.88	2352.47	2332.25	2344.77	73130413	66294935552.000
2012-02-15	2340.46	2374.28	2335.10	2366.70	98861021	87632871424.000
2012-02-16	2363.90	2373.80	2342.07	2356.86	95051169	83758448640.000
2012-02-17	2366.63	2372.51	2344.76	2357.18	71924839	65121697792.000
2012-02-20	2383.69	2388.01	2362.01	2363.60	88911586	82306949120.000
2012-02-21	2365.49	2382.15	2345.05	2381.43	79348669	74538524672.000
2012-02-22	2380.50	2404.44	2374.03	2403.59	118684269	109092241408.000
2012-02-23	2401.74	2416.81	2396.71	2409.55	112553593	105469681664.000
2012-02-24	2410.88	2439.98	2405.27	2439.63	134903249	121550209024.000
2012-02-27	2447.41	2478.38	2444.63	2447.06	158073244	144685596672.000
2012-02-28	2440.91	2458.65	2431.83	2451.86	118361993	107000291328.000
2012-02-29	2446.23	2453.07	2426.33	2428.49	95536952	91908382720.000
2012-03-01	2418.79	2437.87	2418.33	2426.12	75083289	71067885568.000
2012-03-02	2430.10	2461.12	2430.10	2460.69	103228378	96453869568.000
2012-03-05	2464.85	2469.84	2442.12	2445.00	112693326	107604369408.000
2012-03-06	2439.78	2442.00	2406.06	2410.45	103709012	100674338816.000
2012-03-07	2391.20	2413.70	2388.52	2394.79	94790636	91730681856.000
2012-03-08	2401.10	2426.70	2401.10	2420.28	96782134	93410828288.000
2012-03-09	2425.89	2440.51	2414.97	2439.46	100624055	100411482112.000
2012-03-12	2438.55	2440.86	2420.84	2434.86	106223059	108158107648.000
2012-03-13	2432.84	2457.22	2428.61	2455.80	104649712	102576930816.000
2012-03-14	2464.92	2476.22	2382.84	2391.23	179786029	170736648192.000
2012-03-15	2388.06	2403.74	2366.02	2373.77	120025499	112260874240.000
2012-03-16	2377.76	2406.15	2368.31	2404.74	103675622	102406004736.000
2012-03-19	2401.22	2412.34	2383.67	2410.18	102153490	102981664768.000
2012-03-20	2407.54	2407.54	2376.03	2376.84	97903935	94620917760.000
2012-03-21	2384.71	2396.72	2361.22	2378.20	95686538	94949638144.000
2012-03-22	2376.99	2386.10	2364.13	2375.77	79348880	76900868096.000
2012-03-23	2369.08	2371.26	2342.12	2349.54	76862139	74138714112.000
2012-03-26	2349.09	2358.00	2339.14	2350.60	55427733	54051831808.000
2012-03-27	2358.55	2363.77	2344.30	2347.18	60881116	65159970816.000
2012-03-28	2341.00	2341.42	2281.43	2284.88	83645283	78231142400.000
2012-03-29	2276.74	2280.96	2242.35	2252.16	74248084	68018094080.000
2012-03-30	2256.04	2266.21	2246.25	2262.79	62024147	55962030080.000
2012-04-05	2258.03	2303.82	2251.39	2302.24	80101456	74602340352.000
2012-04-06	2299.06	2309.64	2291.56	2306.55	72136521	68863352832.000
2012-04-09	2300.05	2304.65	2284.44	2285.78	59760639	55129722880.000
2012-04-10	2281.02	2306.39	2258.85	2305.86	67345526	63133962240.000
2012-04-11	2286.72	2319.05	2280.04	2308.93	75130070	67516502016.000
2012-04-12	2310.48	2351.06	2307.84	2350.86	97687895	87315824640.000
2012-04-13	2351.51	2369.70	2346.94	2359.16	98774414	92321431552.000
2012-04-16	2346.31	2364.11	2342.20	2357.03	85322682	73752829952.000
2012-04-17	2355.37	2363.01	2333.34	2334.99	84688445	72470716416.000
2012-04-18	2341.14	2383.64	2337.86	2380.85	108612544	93123035136.000
2012-04-19	2378.63	2386.98	2369.46	2378.63	94272421	89960923136.000
2012-04-20	2374.66	2407.29	2372.13	2406.86	115522062	101772107776.000
2012-04-23	2403.52	2411.51	2383.07	2388.59	122907558	109412433920.000
2012-04-24	2380.24	2415.75	2350.40	2388.83	133722354	117494693888.000
2012-04-25	2382.21	2411.42	2376.63	2406.81	130972867	113070080000.000
2012-04-26	2408.56	2414.75	2393.26	2404.70	115529587	104823226368.000
2012-04-27	2402.43	2408.42	2393.87	2396.32	91228350	84016070656.000
2012-05-02	2421.08	2446.35	2407.79	2438.44	128006006	123975245824.000
2012-05-03	2433.59	2441.95	2427.73	2440.08	102248493	102185836544.000
2012-05-04	2437.47	2453.73	2427.97	2452.01	102204871	102378299392.000
2012-05-07	2441.76	2451.95	2432.74	2451.95	108830107	111395004416.000
2012-05-08	2451.58	2451.60	2431.03	2448.88	104855537	104969658368.000
2012-05-09	2432.47	2432.47	2407.51	2408.59	97902212	99521224704.000
2012-05-10	2409.95	2419.12	2402.20	2410.23	81698471	81054859264.000
2012-05-11	2406.07	2415.98	2393.38	2394.98	74863995	75815755776.000
2012-05-14	2408.26	2411.27	2377.98	2380.73	90526339	89364340736.000
2012-05-15	2367.08	2376.59	2354.61	2374.84	77922916	77334732800.000
2012-05-16	2369.30	2372.03	2344.50	2346.19	76733829	74181722112.000
2012-05-17	2347.18	2383.31	2342.35	2378.89	86870030	81458438144.000
2012-05-18	2364.90	2369.60	2338.24	2344.52	89689419	78956445696.000
2012-05-21	2343.58	2360.39	2330.33	2348.30	74840341	70052962304.000
2012-05-22	2355.73	2374.06	2354.87	2373.31	76779780	75374526464.000
2012-05-23	2369.26	2378.08	2350.55	2363.44	84216580	84886659072.000
2012-05-24	2359.68	2373.06	2344.58	2350.97	79206805	76840599552.000
2012-05-25	2350.54	2355.81	2327.41	2333.55	74019252	68024549376.000
2012-05-28	2325.32	2361.74	2309.07	2361.37	94962105	86735888384.000
2012-05-29	2361.00	2393.28	2358.37	2389.64	117157725	111363645440.000
2012-05-30	2385.39	2391.69	2378.13	2384.67	89809793	84828397568.000
2012-05-31	2370.01	2382.99	2362.31	2372.23	77890228	75383463936.000
2012-06-01	2373.22	2388.09	2365.44	2373.44	77021923	77078142976.000
2012-06-04	2346.98	2348.20	2308.23	2308.55	90179347	86903300096.000
2012-06-05	2313.74	2323.30	2304.05	2311.92	66078528	64099737600.000
2012-06-06	2315.56	2323.11	2301.03	2309.55	58532028	58562080768.000
2012-06-07	2324.67	2328.67	2288.67	2293.13	60232048	59646398464.000
2012-06-08	2306.22	2306.88	2276.71	2281.45	67924641	63755911168.000
2012-06-11	2282.89	2311.77	2278.16	2305.86	64197967	60177219584.000
2012-06-12	2295.07	2298.95	2280.95	2289.79	59941982	55298588672.000
2012-06-13	2289.71	2319.71	2284.65	2318.92	78454349	73945579520.000
2012-06-14	2306.78	2314.58	2293.06	2295.95	71633722	68928749568.000
2012-06-15	2299.78	2314.24	2283.40	2306.85	68687579	67855912960.000
2012-06-18	2313.53	2325.05	2309.71	2316.05	60594622	60309397504.000
2012-06-19	2313.46	2313.46	2298.39	2300.79	60135905	57869602816.000
2012-06-20	2300.41	2304.46	2291.54	2292.88	54103955	50568122368.000
2012-06-21	2288.45	2288.45	2253.79	2260.88	58992012	54696857600.000
2012-06-25	2253.51	2253.51	2223.05	2224.11	59768952	54809337856.000
2012-06-26	2214.65	2229.24	2203.94	2222.07	52940798	47281397760.000
2012-06-27	2219.94	2233.54	2213.32	2216.93	51049128	45220315136.000
2012-06-28	2220.24	2224.16	2195.36	2195.84	54182183	50299744256.000
2012-06-29	2190.58	2226.49	2188.72	2225.43	61441886	55964659712.000
2012-07-02	2234.32	2234.87	2215.36	2226.11	62196207	60638957568.000
2012-07-03	2225.57	2244.83	2219.05	2229.19	62703021	60441034752.000
2012-07-04	2233.33	2239.27	2219.45	2227.31	55273656	52367380480.000
2012-07-05	2218.22	2218.22	2192.65	2201.35	57967934	52088147968.000
2012-07-06	2203.73	2227.47	2185.52	2223.58	76557917	70766411776.000
2012-07-09	2210.71	2216.70	2168.61	2170.81	75111472	69313224704.000
2012-07-10	2166.95	2178.20	2156.73	2164.44	58993972	53225562112.000
2012-07-11	2160.02	2176.49	2156.60	2175.38	58614472	53413031936.000
2012-07-12	2172.06	2197.04	2152.68	2185.49	82133762	79627362304.000
2012-07-13	2180.17	2198.66	2177.92	2185.90	57546838	56114765824.000
2012-07-16	2187.89	2188.06	2146.15	2147.96	67487681	62714720256.000
2012-07-17	2142.43	2165.33	2141.48	2161.19	55184408	52050624512.000
2012-07-18	2159.86	2170.30	2138.79	2169.10	66552659	59282116608.000
2012-07-19	2164.27	2197.79	2159.94	2184.84	79338049	68350742528.000
2012-07-20	2180.01	2185.73	2162.06	2168.64	64346672	54549966848.000
2012-07-23	2154.17	2154.17	2135.56	2141.40	55677081	47984496640.000
2012-07-24	2132.32	2158.95	2131.01	2146.59	54411286	46650466304.000
2012-07-25	2141.04	2151.45	2132.83	2136.15	48575894	41112395776.000
2012-07-26	2134.99	2147.66	2124.16	2126.00	52884076	44906164224.000
2012-07-27	2132.01	2139.15	2120.63	2128.76	52076920	46680223744.000
2012-07-30	2128.16	2137.74	2107.63	2109.91	51992383	42406105088.000
2012-07-31	2109.32	2116.90	2100.25	2103.63	53456097	43470815232.000
2012-08-01	2101.72	2130.71	2101.71	2123.36	53804602	44407566336.000
2012-08-02	2120.15	2126.46	2103.50	2111.18	53467539	41781301248.000
2012-08-03	2113.96	2133.27	2108.33	2132.80	53371329	43755339776.000
2012-08-06	2129.15	2158.68	2127.26	2154.92	71843204	61162418176.000
2012-08-07	2153.09	2159.68	2148.90	2157.62	75049798	61939171328.000
2012-08-08	2158.98	2168.73	2153.02	2160.99	72869536	62324846592.000
2012-08-09	2159.43	2175.54	2148.69	2174.10	72529246	65269645312.000
2012-08-10	2172.96	2176.79	2165.28	2168.81	68368559	60929040384.000
2012-08-13	2164.04	2164.04	2134.55	2136.08	71352322	63097888768.000
2012-08-14	2137.05	2144.01	2119.25	2142.52	67571589	59676954624.000
2012-08-15	2138.28	2139.14	2118.50	2118.95	54609394	45974552576.000
2012-08-16	2116.08	2122.68	2109.66	2112.20	45173009	38983892992.000
2012-08-17	2111.65	2120.71	2100.79	2114.89	44390634	39157481472.000
2012-08-20	2102.23	2110.78	2089.02	2106.96	46717499	39258124288.000
2012-08-21	2106.38	2124.20	2103.07	2118.27	60756505	51476983808.000
2012-08-22	2118.88	2121.15	2097.61	2107.71	58441412	48951230464.000
2012-08-23	2106.96	2118.74	2097.08	2113.07	58472299	50332397568.000
2012-08-24	2108.36	2109.82	2089.22	2092.10	60178948	49673674752.000
2012-08-27	2085.37	2085.37	2055.38	2055.71	60314833	47863250944.000
2012-08-28	2054.97	2083.96	2052.49	2073.15	54422104	42097864704.000
2012-08-29	2066.82	2073.95	2051.77	2053.24	52209808	41622138880.000
2012-08-30	2044.03	2060.19	2032.54	2052.58	61963792	50764222464.000
2012-08-31	2046.29	2059.30	2044.65	2047.52	46143904	35269787648.000
2012-09-03	2044.82	2066.78	2041.16	2059.15	60635498	47911477248.000
2012-09-04	2060.61	2063.82	2039.27	2043.65	57462184	47574482944.000
2012-09-05	2038.87	2048.32	2029.05	2037.68	57649803	44886466560.000
2012-09-06	2040.67	2052.95	2036.37	2051.92	56091817	42728538112.000
2012-09-07	2062.99	2145.00	2062.99	2127.76	139932624	111136694272.000
2012-09-10	2128.06	2140.17	2120.49	2134.89	103580026	86110740480.000
2012-09-11	2127.52	2127.52	2107.22	2120.55	80426638	65762865152.000
2012-09-12	2129.69	2137.89	2109.14	2126.55	84114742	69157404672.000
2012-09-13	2123.84	2130.08	2110.00	2110.38	79044972	64590831616.000
2012-09-14	2127.39	2136.23	2111.12	2123.85	91248271	76179406848.000
2012-09-17	2120.62	2121.58	2077.48	2078.50	76392233	62461132800.000
2012-09-18	2069.34	2074.76	2053.66	2059.54	53794850	43632377856.000
2012-09-19	2061.06	2069.95	2055.20	2067.83	52243629	43550875648.000
2012-09-20	2060.31	2060.31	2023.08	2024.84	67482659	53959069696.000
2012-09-21	2020.55	2041.95	2018.26	2026.69	60289456	47695122432.000
2012-09-24	2015.77	2040.85	2005.26	2033.19	57637779	45575602176.000
2012-09-25	2028.63	2039.10	2021.81	2029.29	48219408	38445162496.000
2012-09-26	2027.86	2033.04	1999.48	2004.17	50400828	38415065088.000
2012-09-27	2003.10	2068.07	2002.32	2056.32	76691457	60338937856.000
2012-09-28	2042.89	2089.63	2040.35	2086.17	79448952	64802324480.000
2012-10-08	2084.85	2096.26	2063.09	2074.42	55131612	44793733120.000
2012-10-09	2081.59	2119.34	2081.59	2115.23	84563788	67520372736.000
2012-10-10	2111.59	2121.99	2102.53	2119.94	78912035	60531572736.000
2012-10-11	2114.23	2117.84	2101.14	2102.87	74497029	56744435712.000
2012-10-12	2109.07	2127.31	2092.51	2104.93	68262972	51434045440.000
2012-10-15	2105.02	2107.20	2085.12	2098.70	53940751	42308632576.000
2012-10-16	2097.05	2111.78	2089.70	2098.81	57818438	47242199040.000
2012-10-17	2104.28	2113.16	2088.04	2105.62	59874065	47070597120.000
2012-10-18	2108.50	2137.69	2107.49	2131.69	87191092	65711759360.000
2012-10-19	2129.82	2136.87	2125.74	2128.30	67641279	50605600768.000
2012-10-22	2118.52	2138.03	2112.75	2132.76	60117222	47534436352.000
2012-10-23	2132.11	2136.22	2111.92	2114.45	72683806	54013091840.000
2012-10-24	2106.83	2124.00	2104.67	2115.99	72886618	49728090112.000
2012-10-25	2114.76	2128.74	2100.61	2101.58	85393109	55690215424.000
2012-10-26	2100.10	2102.16	2058.06	2066.21	78606435	54248873984.000
2012-10-29	2061.85	2068.24	2053.09	2058.94	53635009	39078109184.000
2012-10-30	2059.20	2075.91	2054.26	2062.35	60569092	42767335424.000
2012-10-31	2061.12	2070.48	2053.58	2068.88	59527234	43159089152.000
2012-11-01	2070.02	2109.50	2069.95	2104.43	82886670	62606643200.000
2012-11-02	2105.45	2119.22	2096.53	2117.05	76557220	55869886464.000
2012-11-05	2113.33	2123.33	2104.58	2114.03	71538762	53222133760.000
2012-11-06	2113.66	2114.79	2078.47	2106.00	71343850	53697998848.000
2012-11-07	2102.42	2112.63	2093.29	2105.73	59380128	47163781120.000
2012-11-08	2091.25	2092.56	2070.65	2071.51	66594561	49276100608.000
2012-11-09	2066.50	2077.23	2062.42	2069.07	54223460	39065354240.000
2012-11-12	2069.21	2079.57	2061.84	2079.27	56694855	42083753984.000
2012-11-13	2078.13	2078.13	2044.04	2047.89	61087293	44605157376.000
2012-11-14	2047.26	2056.49	2040.17	2055.42	48093000	35883692032.000
2012-11-15	2045.46	2053.56	2029.87	2030.29	50556857	37082796032.000
2012-11-16	2026.56	2028.69	2001.72	2014.73	49581680	36821291008.000
2012-11-19	2013.25	2018.38	1995.72	2016.98	45327018	36090720256.000
2012-11-20	2020.43	2023.61	2004.17	2008.92	42580635	33372962816.000
2012-11-21	2008.21	2031.15	1995.17	2030.32	53282021	39658622976.000
2012-11-22	2021.21	2023.08	2009.72	2015.61	45577847	33727414272.000
2012-11-23	2020.02	2034.88	2017.00	2027.38	51551469	38278377472.000
2012-11-26	2023.34	2027.27	2014.03	2017.46	44779551	33110722560.000
2012-11-27	2012.07	2014.21	1990.34	1991.17	56627422	39089180672.000
2012-11-28	1984.48	1984.86	1968.21	1973.52	50505587	34492571648.000
2012-11-29	1972.93	1980.56	1961.82	1963.49	49540088	33179658240.000
2012-11-30	1961.81	1983.42	1959.33	1980.12	56893416	37739106304.000
2012-12-03	1977.25	1988.19	1957.88	1959.77	61653375	43027554304.000
2012-12-04	1956.62	1980.12	1949.46	1975.14	62378123	43054546944.000
2012-12-05	1973.11	2040.60	1970.20	2031.91	119973040	85475966976.000
2012-12-06	2029.56	2036.61	2018.38	2029.24	81459219	58452525056.000
2012-12-07	2028.77	2065.75	2023.96	2061.79	115157289	82158977024.000
2012-12-10	2067.32	2087.01	2064.62	2083.77	115383226	81469440000.000
2012-12-11	2077.56	2088.64	2070.19	2074.70	93370830	67930370048.000
2012-12-12	2073.27	2085.93	2066.39	2082.73	78559142	57115140096.000
2012-12-13	2077.42	2081.36	2059.47	2061.48	72272324	52179640320.000
2012-12-14	2062.69	2152.50	2062.54	2150.63	160873812	117707096064.000
2012-12-17	2152.10	2169.57	2151.94	2160.34	144242218	110556700672.000
2012-12-18	2155.86	2183.71	2144.73	2162.46	126099467	99028893696.000
2012-12-19	2158.67	2175.40	2154.29	2162.24	94391522	75813183488.000
2012-12-20	2156.19	2174.82	2142.95	2168.35	99384183	80073490432.000
2012-12-21	2169.57	2190.40	2148.17	2153.31	103372872	84574355456.000
2012-12-24	2150.65	2170.39	2149.82	2159.05	78469664	67970650112.000
2012-12-25	2154.32	2220.26	2146.86	2213.61	143327708	114873958400.000
2012-12-26	2211.59	2220.48	2206.79	2219.13	121858630	97153769472.000
2012-12-27	2223.66	2234.72	2204.79	2205.90	129023501	100393984000.000
2012-12-28	2207.91	2234.87	2204.00	2233.25	115924934	91970150400.000
2012-12-31	2236.46	2269.51	2236.46	2269.13	128031402	105541828608.000
2013-01-04	2289.51	2296.11	2256.56	2276.99	139469931	114627764224.000
2013-01-07	2271.66	2293.32	2266.86	2285.36	118162813	96872865792.000
2013-01-08	2284.65	2289.14	2262.98	2276.07	122907877	106428760064.000
2013-01-09	2271.30	2283.90	2259.05	2275.34	122014924	102823100416.000
2013-01-10	2274.38	2295.48	2268.65	2283.66	120066676	98236399616.000
2013-01-11	2285.19	2290.21	2234.95	2243.00	125068275	101550948352.000
2013-01-14	2236.29	2317.62	2235.11	2311.74	144749889	123614928896.000
2013-01-15	2312.47	2332.78	2309.32	2325.68	165645981	141013958656.000
2013-01-16	2322.16	2326.76	2279.51	2309.50	153511167	133107695616.000
2013-01-17	2305.14	2305.60	2275.88	2284.91	119101835	103214055424.000
2013-01-18	2295.81	2324.51	2285.97	2317.07	125438026	105391529984.000
2013-01-21	2321.49	2329.58	2305.10	2328.22	134680458	113016061952.000
2013-01-22	2326.49	2335.81	2301.30	2315.14	149466584	123370045440.000
2013-01-23	2308.52	2325.12	2296.49	2320.91	118179722	96956219392.000
2013-01-24	2320.26	2362.94	2287.30	2302.60	161031674	135604338688.000
2013-01-25	2300.00	2308.38	2288.26	2291.30	92605741	80267386880.000
2013-01-28	2295.35	2346.92	2295.35	2346.50	128383760	116916371456.000
2013-01-29	2347.22	2363.80	2337.35	2358.98	141853934	124916965376.000
2013-01-30	2360.75	2383.76	2347.89	2382.48	149878907	124856033280.000
2013-01-31	2383.43	2391.82	2371.23	2385.42	139707892	116205035520.000
2013-02-01	2377.41	2421.15	2369.57	2419.02	140818172	125554958336.000
2013-02-04	2425.92	2440.38	2417.58	2428.15	167551402	152533696512.000
2013-02-05	2411.00	2437.42	2403.30	2433.13	150754505	127096111104.000
2013-02-06	2432.68	2441.73	2427.70	2434.48	116579966	104583536640.000
2013-02-07	2430.69	2433.89	2394.22	2418.53	120008634	109335068672.000
2013-02-08	2416.62	2443.03	2414.40	2432.40	109070386	98965225472.000
2013-02-18	2441.91	2444.80	2415.43	2421.56	116174994	103657021440.000
2013-02-19	2420.26	2427.07	2373.53	2382.91	123473334	106330947584.000
2013-02-20	2383.49	2397.94	2370.61	2397.18	110280577	97222295552.000
2013-02-21	2378.82	2378.82	2309.17	2325.95	144059478	126627831808.000
2013-02-22	2322.94	2330.88	2308.76	2314.16	96981828	87579820032.000
2013-02-25	2320.62	2338.78	2315.01	2325.82	88367374	77642342400.000
2013-02-26	2313.74	2340.71	2289.89	2293.34	117638667	105917186048.000
2013-02-27	2297.77	2324.63	2292.03	2313.22	97824887	88262926336.000
2013-02-28	2322.32	2366.16	2308.92	2365.59	126950494	115918266368.000
2013-03-01	2364.54	2369.65	2330.86	2359.51	120312752	111531114496.000
2013-03-04	2332.08	2333.54	2259.25	2273.40	161750025	143046508544.000
2013-03-05	2274.81	2328.14	2270.10	2326.31	131136598	116721197056.000
2013-03-06	2333.62	2351.44	2321.60	2347.18	141333692	125364797440.000
2013-03-07	2340.44	2352.02	2304.27	2324.29	139756348	126085890048.000
2013-03-08	2326.42	2333.67	2314.59	2318.61	98794148	88438603776.000
2013-03-11	2314.68	2320.96	2296.58	2310.59	84111903	73919946752.000
2013-03-12	2309.16	2333.29	2264.83	2286.61	117664456	100637089792.000
2013-03-13	2282.17	2286.33	2253.25	2263.97	90972788	77688954880.000
2013-03-14	2255.77	2276.22	2253.31	2270.28	80294086	69218590720.000
2013-03-15	2269.31	2312.08	2250.00	2278.40	116477813	101578104832.000
2013-03-18	2267.29	2276.05	2239.21	2240.02	93122772	81486176256.000
2013-03-19	2244.26	2261.31	2232.02	2257.43	87582105	75512070144.000
2013-03-20	2257.74	2317.86	2257.42	2317.37	131241284	113974255616.000
2013-03-21	2318.21	2330.81	2311.60	2324.24	119200910	104786067456.000
2013-03-22	2321.40	2332.00	2314.97	2328.28	101167299	85951324160.000
2013-03-25	2334.74	2344.89	2319.91	2326.72	97031526	85418622976.000
2013-03-26	2318.58	2319.99	2281.12	2297.67	104449015	91811323904.000
2013-03-27	2299.38	2323.48	2289.00	2301.26	96331195	85708423168.000
2013-03-28	2273.55	2273.55	2232.91	2236.30	127658698	107593506816.000
2013-03-29	2238.49	2246.87	2228.81	2236.62	85565473	73358188544.000
2013-04-01	2229.46	2243.95	2227.31	2234.40	77411774	66997534720.000
2013-04-02	2234.90	2253.42	2220.44	2227.74	89714323	77596663808.000
2013-04-03	2232.69	2241.34	2217.25	2225.29	81795267	68801355776.000
2013-04-08	2196.24	2212.59	2180.67	2211.59	86257470	73666166784.000
2013-04-09	2215.47	2234.73	2215.47	2225.77	82896544	73135038464.000
2013-04-10	2224.93	2233.04	2212.56	2226.13	80619621	71090216960.000
2013-04-11	2236.98	2242.48	2217.26	2219.55	73632704	62132699136.000
2013-04-12	2218.10	2226.26	2204.44	2206.78	66846340	56196878336.000
2013-04-15	2199.91	2204.99	2177.39	2181.94	71632323	58162176000.000
2013-04-16	2169.63	2196.43	2165.78	2194.85	79992178	66955845632.000
2013-04-17	2195.03	2197.51	2178.47	2193.80	68314181	59986554880.000
2013-04-18	2181.82	2206.03	2175.44	2197.60	71616927	61888122880.000
2013-04-19	2201.12	2250.11	2200.58	2244.64	109660556	95383011328.000
2013-04-22	2236.40	2245.12	2232.26	2242.17	95233730	82245001216.000
2013-04-23	2242.62	2242.62	2182.81	2184.54	96541315	82217517056.000
2013-04-24	2187.35	2226.12	2184.11	2218.32	91600261	78977212416.000
2013-04-25	2213.19	2224.63	2191.85	2199.31	96704188	84483235840.000
2013-04-26	2203.89	2210.58	2173.86	2177.91	76673970	65251508224.000
2013-05-02	2170.78	2179.65	2161.14	2174.12	68337936	59877609472.000
2013-05-03	2179.05	2222.81	2179.05	2205.50	88583464	78315700224.000
2013-05-06	2212.50	2236.07	2212.50	2231.17	92268146	81625604096.000
2013-05-07	2227.86	2240.26	2219.44	2235.57	86452356	79040921600.000
2013-05-08	2242.39	2255.21	2235.42	2246.30	90371933	81390845952.000
2013-05-09	2246.96	2247.86	2221.38	2232.97	98531637	91165294592.000
2013-05-10	2228.82	2247.67	2225.81	2246.83	90335476	81280139264.000
2013-05-13	2247.68	2250.85	2231.36	2241.92	86211224	79191482368.000
2013-05-14	2238.90	2239.93	2205.87	2217.01	83244975	75660468224.000
2013-05-15	2217.09	2225.19	2213.58	2224.80	71722893	66658263040.000
2013-05-16	2221.34	2252.87	2210.77	2251.81	110284376	102255271936.000
2013-05-17	2249.81	2288.09	2248.41	2282.87	126126006	111248809984.000
2013-05-20	2286.33	2309.39	2281.90	2299.99	139150514	128843530240.000
2013-05-21	2297.11	2305.30	2290.12	2305.11	124173176	113025212416.000
2013-05-22	2303.75	2314.18	2292.43	2302.40	128360026	115290456064.000
2013-05-23	2293.81	2304.95	2274.10	2275.67	124019844	111052054528.000
2013-05-24	2281.45	2292.60	2270.25	2288.53	101441213	92021530624.000
2013-05-27	2286.66	2301.70	2283.94	2293.08	107325061	99920158720.000
2013-05-28	2293.40	2322.10	2281.47	2321.32	132632995	120352497664.000
2013-05-29	2323.54	2334.33	2321.17	2324.02	125250729	114311553024.000
2013-05-30	2316.25	2325.72	2310.49	2317.75	111913032	103546765312.000
2013-05-31	2320.74	2325.53	2299.37	2300.60	108162554	100703985664.000
2013-06-03	2300.21	2313.43	2294.11	2299.25	96882814	91648606208.000
2013-06-04	2297.10	2297.10	2264.76	2272.42	101895818	92377178112.000
2013-06-05	2270.71	2276.87	2260.87	2270.93	76483303	71142678528.000
2013-06-06	2264.43	2266.69	2240.07	2242.11	81538694	75261583360.000
2013-06-07	2242.26	2250.63	2205.07	2210.90	89978077	81058349056.000
2013-06-13	2190.10	2190.10	2126.22	2148.36	94371094	79714525184.000
2013-06-14	2150.06	2163.85	2142.78	2162.04	77857472	68747763712.000
2013-06-17	2165.99	2169.36	2147.03	2156.22	75757790	68440145920.000
2013-06-18	2158.55	2161.68	2138.35	2159.29	69632271	63582679040.000
2013-06-19	2150.82	2150.82	2115.79	2143.45	75425016	67080568832.000
2013-06-20	2132.81	2132.81	2082.82	2084.02	77787930	68164538368.000
2013-06-21	2058.98	2085.86	2042.88	2073.10	79673224	67440066560.000
2013-06-24	2068.86	2068.86	1958.40	1963.24	109198215	87969841152.000
2013-06-25	1948.31	1963.57	1849.65	1959.51	138158516	104743632896.000
2013-06-26	1954.47	1959.16	1922.82	1951.50	101192527	80892690432.000
2013-06-27	1955.13	1980.54	1942.37	1950.01	105813318	84260405248.000
2013-06-28	1935.52	1987.98	1925.65	1979.21	100737968	77513875456.000
2013-07-01	1965.99	1995.92	1957.57	1995.24	78051393	62711812096.000
2013-07-02	1992.89	2007.62	1978.43	2006.56	86415418	73980846080.000
2013-07-03	1996.51	1996.54	1965.52	1994.27	93466471	76682436608.000
2013-07-04	1982.87	2022.14	1974.10	2006.10	100394183	82685493248.000
2013-07-05	2006.19	2021.54	2002.37	2007.20	91345222	75137507328.000
2013-07-08	1983.21	1983.21	1953.12	1958.27	84136491	67187834880.000
2013-07-09	1953.60	1969.15	1946.37	1965.45	64538733	52223184896.000
2013-07-10	1962.84	2009.36	1960.28	2008.13	89797981	72807809024.000
2013-07-11	2011.02	2092.87	2010.40	2072.99	159970773	131049070592.000
2013-07-12	2068.04	2074.86	2036.05	2039.49	121174175	102972653568.000
2013-07-15	2046.12	2076.67	2037.25	2059.39	101470357	88023343104.000
2013-07-16	2054.60	2066.36	2038.54	2065.72	96737399	82870902784.000
2013-07-17	2061.19	2075.81	2043.23	2044.92	103251321	87993974784.000
2013-07-18	2038.40	2043.37	2016.90	2023.40	92132049	76618530816.000
2013-07-19	2025.32	2035.22	1990.25	1992.65	104577571	87481516032.000
2013-07-22	1977.73	2005.47	1970.64	2004.76	82922190	69649506304.000
2013-07-23	2008.95	2051.53	2005.09	2043.88	109517360	92711264256.000
2013-07-24	2035.69	2042.77	2010.42	2033.33	106655779	93700579328.000
2013-07-25	2037.34	2045.37	2016.43	2021.17	98545366	86249512960.000
2013-07-26	2013.19	2021.57	2000.80	2010.85	73800429	65538621440.000
2013-07-29	1997.84	1997.84	1969.85	1976.31	78683274	65866981376.000
2013-07-30	1981.45	2006.23	1965.36	1990.06	77219784	66157867008.000
2013-07-31	2000.79	2015.47	1987.88	1993.80	70160603	59394334720.000
2013-08-01	2000.82	2029.93	1997.06	2029.07	91256686	77395279872.000
2013-08-02	2039.51	2047.08	2025.65	2029.42	93592767	78906253312.000
2013-08-05	2031.72	2050.91	2025.23	2050.48	85517968	73277095936.000
2013-08-06	2043.65	2066.74	2034.96	2060.50	105580975	88690556928.000
2013-08-07	2056.37	2069.56	2043.75	2046.78	107712594	91260305408.000
2013-08-08	2044.44	2058.56	2037.25	2044.90	84133290	71954923520.000
2013-08-09	2052.24	2061.71	2030.13	2052.24	95316423	83036020736.000
2013-08-12	2058.42	2102.35	2055.72	2101.28	135128974	116489707520.000
2013-08-13	2101.32	2106.40	2093.80	2106.16	117708875	96430366720.000
2013-08-14	2109.23	2122.97	2093.04	2100.14	114437802	95791169536.000
2013-08-15	2099.28	2108.41	2079.97	2081.88	99396656	84735664128.000
2013-08-16	2075.98	2198.85	2061.65	2068.45	153063326	123125129216.000
2013-08-19	2055.13	2091.13	2052.70	2085.60	97446783	81501388800.000
2013-08-20	2081.97	2098.98	2066.07	2072.60	107381773	89117933568.000
2013-08-21	2076.27	2076.32	2056.91	2072.96	87445991	72860721152.000
2013-08-22	2069.31	2083.33	2062.37	2067.12	90928307	76018376704.000
2013-08-23	2075.93	2079.85	2029.37	2057.46	112426351	94571634688.000
2013-08-26	2061.42	2097.34	2056.13	2096.47	119932652	99157901312.000
2013-08-27	2095.44	2105.38	2090.43	2103.57	126341966	104591622144.000
2013-08-28	2092.31	2113.82	2080.86	2101.30	161392026	132239097856.000
2013-08-29	2108.44	2110.89	2088.24	2097.23	133268219	105259327488.000
2013-08-30	2097.22	2114.39	2089.10	2098.38	170075649	132055678976.000
2013-09-02	2104.09	2108.68	2078.46	2098.45	149158524	121084657664.000
2013-09-03	2100.45	2123.85	2095.46	2123.11	138893175	112421232640.000
2013-09-04	2121.68	2133.00	2115.75	2127.62	142000386	116457422848.000
2013-09-05	2125.25	2127.86	2115.24	2122.43	126544104	105776496640.000
2013-09-06	2119.33	2143.24	2119.02	2139.99	143260660	119152336896.000
2013-09-09	2151.35	2218.53	2151.35	2212.52	219427086	178881740800.000
2013-09-10	2214.81	2238.55	2202.82	2237.98	237206649	191083872256.000
2013-09-11	2244.96	2258.07	2233.00	2241.27	244349455	195427631104.000
2013-09-12	2236.17	2270.27	2226.29	2255.61	209715110	167300579328.000
2013-09-13	2251.46	2259.42	2228.48	2236.22	171984229	140600131584.000
2013-09-16	2244.46	2248.47	2226.17	2231.40	154884020	133580636160.000
2013-09-17	2230.39	2230.93	2184.92	2185.56	154542555	132460429312.000
2013-09-18	2185.94	2195.90	2172.04	2191.85	115111887	101333090304.000
2013-09-23	2199.36	2223.07	2198.34	2221.04	133174858	121468256256.000
2013-09-24	2219.47	2219.54	2187.24	2207.53	160415055	143330951168.000
2013-09-25	2206.23	2217.97	2193.72	2198.51	160212762	143779987456.000
2013-09-26	2192.23	2192.23	2154.72	2155.81	140415346	125680361472.000
2013-09-27	2150.96	2165.78	2149.59	2160.03	105401788	97811677184.000
2013-09-30	2167.73	2176.30	2165.16	2174.67	92810081	88982757376.000
2013-10-08	2171.90	2200.02	2161.49	2198.20	126710203	114992021504.000
2013-10-09	2191.39	2212.35	2185.18	2211.77	130871737	117966135296.000
2013-10-10	2214.41	2214.59	2186.48	2190.93	149775896	136575148032.000
2013-10-11	2201.41	2228.87	2200.53	2228.15	156892176	142271938560.000
2013-10-14	2232.22	2242.98	2226.40	2237.77	165983386	151626940416.000
2013-10-15	2237.93	2240.25	2221.14	2233.41	153722825	138541629440.000
2013-10-16	2228.11	2228.11	2183.40	2193.07	154638637	138165501952.000
2013-10-17	2201.71	2211.03	2183.25	2188.54	126767944	113138851840.000
2013-10-18	2188.71	2203.29	2184.36	2193.78	103724631	90814177280.000
2013-10-21	2198.11	2230.28	2190.39	2229.24	136694408	123936342016.000
2013-10-22	2227.34	2227.34	2204.24	2210.65	149132831	134994870272.000
2013-10-23	2213.27	2226.85	2177.73	2183.11	146347090	125789855744.000
2013-10-24	2178.82	2183.41	2159.87	2164.32	103008953	90001866752.000
2013-10-25	2163.69	2170.61	2122.68	2132.96	113924520	99671695360.000
2013-10-28	2135.88	2140.96	2123.07	2133.87	88401322	77889331200.000
2013-10-29	2135.23	2163.66	2093.20	2128.86	143092811	117347753984.000
2013-10-30	2126.69	2161.94	2121.84	2160.46	119643362	95233753088.000
2013-10-31	2155.51	2155.51	2137.47	2141.61	108063020	88638832640.000
2013-11-01	2139.88	2157.31	2132.63	2149.56	89118477	76271861760.000
2013-11-04	2156.09	2160.58	2143.21	2149.63	76147941	66305998848.000
2013-11-05	2139.84	2158.15	2124.85	2157.24	91900031	77963321344.000
2013-11-06	2149.39	2166.17	2138.78	2139.61	100487344	86547128320.000
2013-11-07	2136.63	2141.60	2119.19	2129.40	81842610	70177472512.000
2013-11-08	2120.92	2128.58	2103.51	2106.13	83096859	70325215232.000
2013-11-11	2103.30	2117.28	2093.63	2109.47	69678299	59934060544.000
2013-11-12	2110.72	2127.94	2108.40	2126.77	79446731	67951267840.000
2013-11-13	2117.89	2117.91	2086.01	2087.94	88257094	73376063488.000
2013-11-14	2087.12	2102.38	2078.99	2100.51	83799373	72089886720.000
2013-11-15	2100.90	2153.21	2100.79	2135.83	125894520	113364459520.000
2013-11-18	2147.37	2198.32	2143.77	2197.22	157502714	143246229504.000
2013-11-19	2198.32	2203.30	2186.11	2193.13	125082307	115941883904.000
2013-11-20	2201.47	2207.11	2186.64	2206.61	118961861	104820416512.000
2013-11-21	2197.01	2206.53	2177.74	2205.77	137245516	120005001216.000
2013-11-22	2206.47	2211.07	2188.77	2196.38	113866457	102450200576.000
2013-11-25	2186.06	2209.15	2181.42	2186.12	108282655	96747315200.000
2013-11-26	2184.33	2192.58	2176.18	2183.07	100460830	84536639488.000
2013-11-27	2181.73	2207.62	2176.85	2201.07	115384411	102163488768.000
2013-11-28	2204.38	2234.39	2202.62	2219.37	134456777	119645437952.000
2013-11-29	2221.62	2224.94	2212.26	2220.50	106959053	97834024960.000
2013-12-02	2203.12	2231.92	2172.63	2207.37	174281990	151936155648.000
2013-12-03	2196.82	2227.93	2193.25	2222.67	113506410	100776656896.000
2013-12-04	2219.97	2260.87	2215.92	2251.76	157292943	135497940992.000
2013-12-05	2252.72	2255.26	2239.14	2247.06	122048414	105837305856.000
2013-12-06	2242.56	2248.15	2228.63	2237.11	103700929	92254756864.000
2013-12-09	2241.79	2249.17	2231.73	2238.20	93273639	84432478208.000
2013-12-10	2239.86	2250.50	2231.68	2237.49	109043133	95556296704.000
