002142 宁波银行 日线
      日期	    开盘	    最高	    最低	    收盘	    成交量	    成交额
2007-07-19	19.13	22.20	18.24	20.88	197364082	4119470080.000
2007-07-20	20.15	23.09	20.05	23.09	94848251	2154974976.000
2007-07-23	23.54	25.20	23.29	24.06	99483316	2546044160.000
2007-07-24	24.06	25.70	23.56	24.73	53914975	1397098880.000
2007-07-25	24.62	27.33	24.35	27.33	54381047	1465465728.000
2007-07-26	27.22	29.14	26.55	27.45	66923819	1949880960.000
2007-07-27	26.81	27.75	26.58	27.50	34176568	969020480.000
2007-07-30	27.25	28.05	26.75	27.20	29776338	851815808.000
2007-07-31	26.77	27.63	25.98	26.86	32196922	899301568.000
2007-08-01	26.85	28.05	25.75	26.96	32989740	939223232.000
2007-08-02	27.07	29.78	27.07	29.35	55242555	1634024320.000
2007-08-03	29.45	30.91	28.67	30.20	43584823	1344531072.000
2007-08-06	29.75	29.93	28.75	29.32	33719079	1027897664.000
2007-08-07	29.15	29.15	28.20	28.52	26969323	804214208.000
2007-08-08	27.95	29.25	27.65	28.23	24031820	715001408.000
2007-08-09	28.40	28.87	27.65	27.95	19584505	573925312.000
2007-08-10	27.95	28.19	25.75	26.75	26727965	751465280.000
2007-08-13	26.15	27.65	25.25	26.35	25120900	694515648.000
2007-08-14	26.08	27.04	26.00	26.80	14533013	404321888.000
2007-08-15	26.83	27.53	26.53	27.08	14339228	406956480.000
2007-08-16	26.75	26.77	25.63	25.82	20067036	546321984.000
2007-08-17	25.55	26.22	24.95	25.05	15279318	408251776.000
2007-08-20	25.86	26.75	25.55	26.35	13978262	384159520.000
2007-08-21	26.69	26.75	25.67	25.89	16169742	440535744.000
2007-08-22	25.55	27.25	25.35	26.92	27590614	757379648.000
2007-08-23	26.92	26.92	26.14	26.35	13385890	371133632.000
2007-08-24	26.35	27.22	26.25	26.63	20185434	566965696.000
2007-08-27	26.65	28.22	26.65	27.31	25650814	738330432.000
2007-08-28	27.25	27.25	26.05	26.37	15334033	423907360.000
2007-08-29	26.05	26.07	25.33	25.48	14384808	386185152.000
2007-08-30	25.60	26.14	25.30	25.79	10167951	273101984.000
2007-08-31	25.79	25.85	25.31	25.65	8412957	225178544.000
2007-09-03	25.63	25.95	25.55	25.61	11353859	305769664.000
2007-09-04	25.60	25.60	24.95	25.10	14384864	379367648.000
2007-09-05	25.25	25.89	25.09	25.72	9523634	255276720.000
2007-09-06	25.92	26.23	25.46	25.75	13141339	356256352.000
2007-09-07	25.53	26.50	25.00	25.38	16408332	442928928.000
2007-09-10	24.75	25.55	24.43	25.04	13338787	346415392.000
2007-09-11	25.15	25.16	23.10	23.16	14324493	363900096.000
2007-09-12	23.09	23.74	22.51	23.00	9675864	233795488.000
2007-09-13	23.31	23.73	23.00	23.30	9352619	229491584.000
2007-09-14	23.38	23.55	22.45	23.06	11170343	269826688.000
2007-09-17	23.26	23.65	23.16	23.55	9330313	230667088.000
2007-09-18	23.63	23.90	22.75	23.90	10429279	254953312.000
2007-09-19	24.00	24.16	22.76	22.81	9539498	233554192.000
2007-09-20	23.00	23.49	22.75	23.01	7287210	176501952.000
2007-09-21	22.75	22.80	21.33	21.84	13657851	315340480.000
2007-09-24	21.83	21.83	20.53	20.95	11393738	253640800.000
2007-09-25	21.03	21.58	20.78	21.27	8936434	200316336.000
2007-09-26	21.35	21.65	20.96	21.26	5100759	115329016.000
2007-09-27	21.25	21.74	21.05	21.58	6618702	149650624.000
2007-09-28	21.76	21.77	21.43	21.65	7576198	173245040.000
2007-10-08	21.81	22.75	21.56	22.19	13676587	321810528.000
2007-10-09	22.20	22.34	21.78	21.89	8172225	189674624.000
2007-10-10	21.95	22.75	21.85	21.95	9769546	230398240.000
2007-10-11	22.09	22.13	21.03	21.51	11754392	265862992.000
2007-10-12	21.52	21.85	19.75	20.89	12553661	277204448.000
2007-10-15	21.10	21.50	20.36	20.82	8066931	178864368.000
2007-10-16	20.77	23.03	20.65	23.03	26170122	612371072.000
2007-10-17	23.03	23.13	21.79	21.98	20213023	477883104.000
2007-10-18	21.98	22.05	21.00	21.17	8078256	183120240.000
2007-10-19	20.55	21.03	19.63	19.87	49651485	1054472960.000
2007-10-22	19.83	19.83	18.55	18.74	23920483	483678176.000
2007-10-23	18.95	19.52	18.57	19.40	21486399	434923616.000
2007-10-24	19.35	19.75	19.11	19.35	19595121	405954848.000
2007-10-25	19.36	19.65	17.75	18.15	22977029	458441344.000
2007-10-26	18.05	18.73	17.75	18.30	12143054	236252272.000
2007-10-29	18.72	19.35	18.06	18.65	12684596	254496624.000
2007-10-30	18.72	19.55	18.70	19.11	11877322	241561104.000
2007-10-31	19.26	20.00	18.82	19.80	24541515	509465728.000
2007-11-01	19.73	19.74	19.13	19.19	13911724	287564384.000
2007-11-02	18.75	18.95	18.20	18.33	12341187	243903648.000
2007-11-05	18.25	18.73	18.05	18.46	7910965	155600608.000
2007-11-06	18.48	19.33	18.48	18.86	11270683	227305440.000
2007-11-07	18.97	19.33	18.28	18.86	6232192	125154616.000
2007-11-08	18.87	18.87	17.75	17.83	9240970	181245392.000
2007-11-09	17.83	18.08	17.35	17.55	10006113	188879936.000
2007-11-12	17.03	17.35	16.20	16.58	11445462	205214736.000
2007-11-13	16.77	17.13	16.20	16.63	8792180	157787344.000
2007-11-14	16.90	17.33	16.65	17.24	8313215	151733152.000
2007-11-15	17.22	17.40	16.78	16.84	7457667	136391584.000
2007-11-16	16.59	17.25	16.30	17.05	9042087	162951216.000
2007-11-19	17.15	18.08	17.15	17.67	17191355	326216320.000
2007-11-20	17.43	17.95	17.17	17.57	10365598	195414640.000
2007-11-21	17.66	18.01	17.53	17.75	7973506	151581408.000
2007-11-22	17.35	17.61	16.45	16.56	7655942	139669200.000
2007-11-23	16.31	16.80	16.30	16.79	6164551	109730368.000
2007-11-26	17.13	17.19	16.41	16.48	7106837	127987224.000
2007-11-27	16.35	18.15	16.35	17.29	20110452	374507552.000
2007-11-28	17.29	17.35	16.86	16.99	9057359	166188240.000
2007-11-29	17.46	18.81	17.33	18.81	56426363	1110158464.000
2007-11-30	18.55	19.36	18.44	18.83	40262070	809504256.000
2007-12-03	18.88	19.23	18.63	18.75	18998486	383045856.000
2007-12-05	18.64	19.13	18.53	19.01	17218499	346152640.000
2007-12-06	19.25	19.54	18.62	18.85	13778297	279622464.000
2007-12-07	18.91	18.97	18.31	18.75	14534043	288732640.000
2007-12-10	18.35	19.25	18.23	19.17	19731754	394977376.000
2007-12-11	19.20	19.35	18.62	19.08	15586322	314164128.000
2007-12-12	18.98	18.98	18.45	18.66	11644184	231380880.000
2007-12-13	18.55	19.51	18.43	18.81	26425850	538192640.000
2007-12-14	18.70	20.25	18.56	19.90	35497868	740902528.000
2007-12-17	19.75	20.20	19.55	19.73	20454753	431984576.000
2007-12-18	19.55	20.65	19.48	20.15	20483790	439921664.000
2007-12-19	20.43	20.87	20.26	20.37	18367252	400265024.000
2007-12-20	20.35	20.63	20.10	20.37	11788655	254746768.000
2007-12-21	20.14	20.56	20.07	20.30	13181335	283496352.000
2007-12-24	20.36	20.95	19.96	20.80	18267702	396410944.000
2007-12-25	20.91	21.01	20.55	20.65	9949486	218733728.000
2007-12-26	20.85	21.18	20.55	20.91	12446528	274937440.000
2007-12-27	20.99	21.55	20.99	21.14	15028128	338738144.000
2007-12-28	21.14	21.14	20.55	20.68	13958469	307745888.000
2008-01-02	20.74	20.82	20.15	20.45	14270038	309663232.000
2008-01-03	20.46	20.61	19.91	20.57	20476374	438456096.000
2008-01-04	20.70	20.95	20.48	20.84	14575402	320623904.000
2008-01-07	20.75	21.31	20.49	21.11	17343431	386489952.000
2008-01-08	21.17	21.68	20.40	20.47	18420796	412429888.000
2008-01-09	20.43	20.72	20.28	20.59	11477798	249505376.000
2008-01-10	20.74	20.81	20.15	20.30	16016135	346251808.000
2008-01-11	20.43	21.45	20.43	21.27	21281472	473201632.000
2008-01-15	21.44	21.45	20.77	20.92	14910090	332743104.000
2008-01-16	20.73	20.73	19.61	19.71	17692840	377358400.000
2008-01-17	19.55	19.92	18.65	19.16	16085427	328728608.000
2008-01-18	19.07	19.34	18.66	19.13	8537332	172743008.000
2008-01-21	19.05	19.11	17.35	17.41	13543837	262415168.000
2008-01-22	17.03	17.14	15.54	15.70	18351780	321655232.000
2008-01-23	15.75	16.49	15.75	16.32	10700331	186399216.000
2008-01-24	16.64	16.73	16.00	16.36	10237982	180229504.000
2008-01-25	16.35	17.05	15.92	16.90	12806962	227718816.000
2008-01-28	16.69	16.70	15.25	15.55	10347501	177088240.000
2008-01-29	15.56	16.10	15.43	15.95	4990776	84937664.000
2008-01-30	16.13	16.34	15.23	15.72	5165216	88343960.000
2008-01-31	15.65	16.13	15.50	15.78	5347145	91736680.000
2008-02-01	16.00	16.73	15.25	16.55	12153679	211264144.000
2008-02-04	17.45	18.00	17.01	17.92	16015086	300398400.000
2008-02-05	17.47	17.73	17.06	17.30	8467867	158142064.000
2008-02-13	16.78	17.21	16.60	16.80	3902786	70704752.000
2008-02-14	17.10	17.20	16.77	16.95	2643553	48113588.000
2008-02-15	16.75	16.96	16.24	16.40	4970834	88459184.000
2008-02-18	16.80	16.97	16.53	16.73	5476495	98629048.000
2008-02-19	16.77	17.45	16.58	17.43	6891106	125943064.000
2008-02-20	17.64	17.79	16.75	16.83	11295272	207857392.000
2008-02-21	16.64	16.87	16.23	16.64	5872093	104578040.000
2008-02-22	16.58	16.60	15.75	16.10	5989138	104281656.000
2008-02-25	15.95	16.41	15.76	16.10	5218530	90802328.000
2008-02-26	16.60	16.79	15.95	16.76	5892341	103738896.000
2008-02-27	16.79	17.33	16.60	17.10	8412814	154626176.000
2008-02-28	17.43	17.50	16.93	16.96	5805390	106956224.000
2008-02-29	16.96	17.30	16.90	16.99	3436587	62860368.000
2008-03-03	16.93	17.27	16.51	17.14	6249014	113853344.000
2008-03-04	17.15	17.30	16.43	16.45	7574224	136455888.000
2008-03-05	16.40	16.72	16.03	16.24	5114513	89710392.000
2008-03-06	16.29	17.15	16.03	16.51	7151587	127561104.000
2008-03-07	16.40	16.68	16.21	16.33	3249302	57274132.000
2008-03-10	16.24	16.24	15.66	15.71	6402088	109266688.000
2008-03-11	15.63	16.03	15.51	15.91	2816133	47834408.000
2008-03-12	16.30	16.44	15.50	15.53	4823091	82172320.000
2008-03-13	15.48	15.81	14.87	15.16	5244652	86867920.000
2008-03-14	15.17	15.43	14.75	14.85	4297640	69550144.000
2008-03-17	14.85	15.04	14.30	14.30	3785471	60357504.000
2008-03-18	14.24	14.70	12.95	13.24	6280211	93754416.000
2008-03-19	13.46	13.85	13.17	13.49	6592180	97424480.000
2008-03-20	13.00	13.95	12.44	13.71	7542572	108969728.000
2008-03-21	13.70	13.89	13.46	13.65	5187136	77363488.000
2008-03-24	13.76	14.03	13.32	13.34	5265665	78828488.000
2008-03-25	13.05	13.83	12.89	13.70	4566508	66961612.000
2008-03-26	13.85	14.23	13.69	13.84	5046053	76729120.000
2008-03-27	13.54	13.54	12.76	12.95	7114526	101863216.000
2008-03-28	12.81	13.85	12.63	13.75	8192001	120213392.000
2008-03-31	13.16	13.62	12.93	13.17	4142229	60290040.000
2008-04-01	13.15	13.61	12.49	12.70	5884557	83784960.000
2008-04-02	12.95	13.74	12.65	13.04	9637097	140502064.000
2008-04-03	12.85	13.71	12.75	13.57	6842625	100165400.000
2008-04-07	13.53	14.25	13.37	14.25	9489129	144967824.000
2008-04-08	14.05	14.35	13.82	14.13	7354362	112780360.000
2008-04-09	14.04	14.37	13.26	13.36	6883676	104368768.000
2008-04-10	13.16	13.57	13.05	13.53	3669526	53616380.000
2008-04-11	13.58	13.95	13.53	13.73	3882076	58241552.000
2008-04-14	13.35	13.52	12.64	12.65	5623633	79892928.000
2008-04-15	12.63	12.95	11.90	12.53	6056536	82151112.000
2008-04-16	12.65	12.75	12.15	12.25	2978769	40810412.000
2008-04-17	12.22	12.54	11.61	11.72	3770580	49934968.000
2008-04-18	11.68	11.69	11.00	11.05	4564604	56981228.000
2008-04-21	12.03	12.05	10.90	11.02	5380927	68553840.000
2008-04-22	10.84	12.12	10.23	11.94	9962595	124770768.000
2008-04-23	12.10	12.43	11.76	12.25	10061998	135455120.000
2008-04-24	13.45	13.60	12.75	13.51	24858786	361301312.000
2008-04-25	13.25	13.74	13.04	13.22	14428010	210419808.000
2008-04-28	13.00	13.35	12.81	12.92	6838095	97338384.000
2008-04-29	12.86	13.33	12.81	12.95	5351569	76534256.000
2008-04-30	13.05	13.94	13.03	13.66	15175801	224081328.000
2008-05-05	13.71	13.82	13.35	13.64	10026299	148192192.000
2008-05-06	13.60	13.67	13.19	13.38	8498464	124261176.000
2008-05-07	13.40	13.74	12.89	12.93	9436323	138713168.000
2008-05-08	12.75	13.05	12.45	13.05	7915460	111081280.000
2008-05-09	13.14	13.16	12.47	12.62	8079045	112994584.000
2008-05-12	12.41	13.10	11.95	12.79	7673013	105306824.000
2008-05-13	12.25	12.65	12.05	12.25	7233135	97939704.000
2008-05-14	12.23	12.86	12.23	12.83	7498544	104506984.000
2008-05-15	13.01	13.39	12.86	13.03	12208104	175395600.000
2008-05-19	12.94	13.06	12.60	12.86	5499685	77585536.000
2008-05-20	12.81	13.05	12.04	12.10	6239789	86381928.000
2008-05-21	12.13	12.34	11.50	12.20	6634963	86727344.000
2008-05-22	11.75	12.15	11.75	11.82	3894829	51228884.000
2008-05-23	11.77	12.23	11.66	11.91	4311613	56756976.000
2008-05-26	11.81	11.91	11.45	11.47	3482484	44758784.000
2008-05-27	11.45	11.75	11.42	11.74	2552479	32890358.000
2008-05-28	11.77	12.19	11.61	12.09	3731650	49388628.000
2008-05-29	12.11	12.11	11.72	11.72	2799452	36337840.000
2008-05-30	11.72	12.05	11.65	11.92	2351640	30334918.000
2008-06-02	11.77	12.09	11.75	11.97	2528138	32804894.000
2008-06-03	11.98	12.02	11.79	11.90	1887070	24379254.000
2008-06-04	11.84	11.85	11.47	11.59	2636697	33428836.000
2008-06-05	11.53	11.67	11.45	11.53	1852813	23402614.000
2008-06-06	11.61	11.95	11.55	11.73	2985724	38263376.000
2008-06-10	11.15	11.17	10.45	10.45	4788735	56477756.000
2008-06-11	10.43	10.45	9.94	9.95	3916370	43605564.000
2008-06-12	9.95	10.35	9.48	10.15	5867293	63780708.000
2008-06-13	10.00	10.90	9.78	10.14	5259844	59807144.000
2008-06-16	10.18	10.55	9.87	10.45	6653291	76138992.000
2008-06-17	10.41	10.55	9.85	9.90	4035505	45366952.000
2008-06-18	9.98	10.71	9.52	10.55	6835032	77172864.000
2008-06-19	10.44	10.68	9.65	9.65	5884386	66566172.000
2008-06-20	9.93	10.48	9.46	10.13	5356264	59798488.000
2008-06-23	9.83	10.27	9.83	10.04	2625768	29254466.000
2008-06-24	10.15	10.77	10.05	10.60	7920867	91915184.000
2008-06-25	10.55	11.00	10.50	10.90	6383553	75470496.000
2008-06-26	10.91	10.94	10.54	10.73	4952820	58387360.000
2008-06-27	10.40	10.45	9.85	9.98	5219922	58603016.000
2008-06-30	9.75	10.10	9.71	9.75	2823636	30891284.000
2008-07-01	9.94	10.03	9.56	9.70	2822947	30685392.000
2008-07-02	9.76	9.90	9.57	9.82	2341512	25404468.000
2008-07-03	9.65	10.30	9.55	10.15	3432248	38021448.000
2008-07-04	10.19	10.43	10.06	10.16	3009538	34019872.000
2008-07-07	10.23	11.28	10.20	11.15	10271360	123858928.000
2008-07-08	11.10	11.29	10.75	11.04	7652581	92362336.000
2008-07-09	11.14	11.69	11.12	11.34	11778408	147324080.000
2008-07-10	11.06	11.43	10.99	11.05	7488139	91548560.000
2008-07-11	11.05	11.23	10.91	11.15	5337247	64720460.000
2008-07-14	11.05	11.33	10.85	11.20	4866621	59022672.000
2008-07-15	11.18	11.30	10.57	10.57	5350490	63475704.000
2008-07-16	10.50	10.50	9.61	9.85	9570153	104588656.000
2008-07-17	9.91	10.15	8.97	9.04	12273403	128049592.000
2008-07-18	8.97	9.25	8.66	9.15	12044828	121207048.000
2008-07-21	8.26	9.27	8.26	9.25	41904300	412736224.000
2008-07-22	9.07	9.43	8.93	9.40	27228828	279263168.000
2008-07-23	9.45	9.50	9.16	9.24	16783256	174267440.000
2008-07-24	9.28	9.69	9.20	9.65	17335558	182894064.000
2008-07-25	9.49	9.64	9.39	9.48	10709170	112740584.000
2008-07-28	9.51	9.75	9.50	9.55	9605284	102355272.000
2008-07-29	9.40	9.44	9.05	9.11	11889801	122205976.000
2008-07-30	9.30	9.35	9.01	9.11	5893532	60153624.000
2008-07-31	9.16	9.21	8.89	8.90	6342131	63585264.000
2008-08-01	8.89	9.39	8.79	9.24	9464891	96043280.000
2008-08-04	9.09	9.19	8.91	8.95	4548314	45906664.000
2008-08-05	9.22	9.45	9.04	9.08	14441831	148983376.000
2008-08-07	9.13	9.18	8.86	8.96	8533528	85824344.000
2008-08-08	8.97	9.02	8.41	8.41	9567699	92911296.000
2008-08-11	8.46	8.49	7.80	7.82	9412665	86373936.000
2008-08-12	7.82	7.89	7.65	7.68	4913823	43242404.000
2008-08-13	7.74	7.74	7.14	7.50	10670170	89630200.000
2008-08-14	7.43	7.52	7.29	7.38	4731633	40041088.000
2008-08-15	7.40	7.49	7.21	7.38	5017009	42352216.000
2008-08-18	7.35	7.40	6.93	6.93	8250973	67821864.000
2008-08-19	6.93	7.05	6.75	6.95	5290193	42137736.000
2008-08-20	6.85	7.75	6.77	7.70	24767947	209514288.000
2008-08-21	7.45	7.64	7.20	7.22	13316093	112290840.000
2008-08-22	7.19	7.25	6.75	6.95	10106318	80861160.000
2008-08-25	6.98	7.09	6.85	6.94	5471499	43989024.000
2008-08-26	6.85	7.13	6.70	6.95	8522058	67844520.000
2008-08-27	6.93	7.05	6.83	6.93	5765991	46073004.000
2008-08-28	6.94	7.09	6.86	7.01	8880885	71732584.000
2008-08-29	7.09	7.30	7.02	7.16	11873499	97499824.000
2008-09-01	7.15	7.15	6.90	6.93	8809324	70830568.000
2008-09-02	6.86	7.03	6.84	6.95	4843720	38779172.000
2008-09-03	6.94	7.02	6.78	6.85	5052335	39978956.000
2008-09-04	6.89	6.95	6.81	6.90	2886762	22895558.000
2008-09-05	6.79	6.79	6.63	6.64	4817729	37311172.000
2008-09-08	6.74	6.75	6.25	6.26	8441377	63312400.000
2008-09-09	6.26	6.34	6.09	6.20	8497602	61489372.000
2008-09-10	6.13	6.31	6.03	6.20	7251888	52613104.000
2008-09-11	6.19	6.20	5.95	5.97	6698703	47597880.000
2008-09-12	6.03	6.07	5.96	6.00	4896004	34607452.000
2008-09-16	5.90	5.90	5.34	5.43	12734523	84264968.000
2008-09-17	5.41	5.55	5.20	5.37	11618885	74770568.000
2008-09-18	5.13	6.01	5.08	5.80	32398015	218395024.000
2008-09-19	6.49	6.49	6.38	6.49	16043190	120848320.000
2008-09-22	7.24	7.24	6.70	7.24	70151452	573100032.000
2008-09-23	6.79	6.97	6.44	6.45	31614275	245447760.000
2008-09-24	6.26	6.45	6.04	6.45	18143550	132769888.000
2008-09-25	6.48	6.78	6.42	6.53	20222908	154551072.000
2008-09-26	6.47	6.62	6.26	6.40	11938308	89302424.000
2008-10-06	6.29	6.29	5.84	5.85	11977380	84710688.000
2008-10-07	5.64	6.44	5.49	6.14	19288922	135636064.000
2008-10-08	5.83	5.98	5.66	5.76	12033386	82613448.000
2008-10-09	5.94	5.98	5.71	5.79	8617760	59432960.000
2008-10-10	5.50	5.92	5.45	5.66	12451663	83378408.000
2008-10-13	5.61	6.27	5.56	6.20	22962190	161492016.000
2008-10-14	6.40	6.47	5.87	5.88	22933875	166319184.000
2008-10-15	5.83	6.01	5.75	5.95	8638376	60205488.000
2008-10-16	5.71	5.87	5.60	5.70	11141199	75140848.000
2008-10-17	5.76	5.82	5.66	5.75	5104136	34607620.000
2008-10-20	5.72	6.02	5.60	5.95	9407519	64837916.000
2008-10-21	5.93	6.06	5.82	5.83	9914318	69215664.000
2008-10-22	5.75	5.98	5.73	5.75	8512111	58594256.000
2008-10-23	5.65	5.83	5.55	5.77	9102007	61190968.000
2008-10-24	5.78	5.78	5.55	5.55	6532565	43679432.000
2008-10-27	5.43	5.46	4.93	4.95	10502446	65665168.000
2008-10-28	4.76	5.54	4.75	5.38	17223306	108399656.000
2008-10-29	5.35	5.38	4.96	5.00	11653123	72824384.000
2008-10-30	5.05	5.30	4.97	5.13	8815007	54483228.000
2008-10-31	5.14	5.22	5.03	5.07	5251276	32259022.000
2008-11-03	5.02	5.20	4.98	5.04	6031377	37220944.000
2008-11-04	5.02	5.07	4.92	4.98	6667103	40287684.000
2008-11-05	5.05	5.40	5.03	5.24	17341692	109160608.000
2008-11-06	5.08	5.13	5.00	5.07	7817878	47751348.000
2008-11-07	4.98	5.32	4.95	5.21	12780230	79865680.000
2008-11-10	5.33	5.64	5.31	5.61	24902216	163094656.000
2008-11-11	5.55	5.62	5.45	5.46	16465847	108246872.000
2008-11-12	5.40	5.64	5.40	5.58	12061186	79581128.000
2008-11-13	5.50	5.95	5.43	5.84	29074254	195380032.000
2008-11-14	5.84	6.04	5.77	6.04	29759729	207457520.000
2008-11-17	6.09	6.65	6.09	6.54	40602225	300512992.000
2008-11-18	6.43	6.65	5.78	5.79	39569375	287092672.000
2008-11-19	5.81	6.40	5.81	6.33	27800352	199659792.000
2008-11-20	6.16	6.42	6.02	6.19	24109708	175054960.000
2008-11-21	5.95	6.33	5.83	6.11	25211936	179095120.000
2008-11-24	6.07	6.17	5.86	5.88	13239309	93227984.000
2008-11-25	6.05	6.09	5.72	5.83	11075357	77050320.000
2008-11-26	5.84	6.00	5.76	5.89	8121878	56262756.000
2008-11-27	6.52	6.52	5.99	6.00	27718105	202221904.000
2008-11-28	5.90	5.98	5.67	5.71	14979719	102447648.000
2008-12-01	5.67	5.87	5.60	5.83	10086824	68651648.000
2008-12-02	5.71	5.99	5.67	5.97	18331755	126812184.000
2008-12-03	6.12	6.28	6.10	6.25	32923146	238728464.000
2008-12-04	6.40	6.60	6.23	6.24	52844697	394649696.000
2008-12-05	6.20	6.33	6.15	6.31	25544367	185975184.000
2008-12-08	6.40	6.70	6.34	6.65	42240779	320933536.000
2008-12-09	6.74	6.74	6.32	6.32	30272998	228158976.000
2008-12-10	6.36	6.75	6.31	6.72	46833133	356960224.000
2008-12-11	6.62	6.68	6.38	6.40	31271772	237029104.000
2008-12-12	6.35	6.40	6.00	6.13	24194629	174495824.000
2008-12-15	6.30	6.30	6.01	6.13	12646414	91161072.000
2008-12-16	6.08	6.18	5.93	6.16	13170084	93349192.000
2008-12-17	6.17	6.24	6.11	6.12	12927718	93390056.000
2008-12-18	6.15	6.48	6.07	6.44	27282246	201441696.000
2008-12-19	6.35	6.51	6.31	6.34	21720348	161832848.000
2008-12-22	6.35	6.39	6.16	6.23	14238809	104102304.000
2008-12-23	6.23	6.28	6.00	6.00	20592286	146818176.000
2008-12-24	5.94	6.06	5.83	5.87	14246516	99585488.000
2008-12-25	5.89	5.99	5.75	5.86	9503238	65905328.000
2008-12-26	5.87	6.00	5.82	5.88	6660693	46406776.000
2008-12-29	5.83	5.93	5.75	5.90	7272155	50139428.000
2008-12-30	5.90	5.95	5.80	5.80	6153318	42607736.000
2008-12-31	5.81	5.91	5.74	5.75	6945602	47533120.000
2009-01-05	5.83	5.94	5.79	5.93	7696129	53421440.000
2009-01-06	5.93	6.13	5.89	6.09	19580557	139187968.000
2009-01-07	6.07	6.15	5.99	6.02	13119646	93206312.000
2009-01-08	5.88	5.91	5.75	5.77	12892616	88354968.000
2009-01-09	5.77	5.89	5.76	5.86	7018852	48274404.000
2009-01-12	5.86	6.10	5.82	6.02	14830393	104557872.000
2009-01-13	5.93	5.94	5.83	5.84	7510372	51983332.000
2009-01-14	5.81	6.08	5.80	6.07	13668343	96490016.000
2009-01-15	6.00	6.20	5.98	6.09	24032288	172434736.000
2009-01-16	6.10	6.44	6.10	6.27	32655513	241402800.000
2009-01-19	6.34	6.59	6.27	6.31	28380135	212875312.000
2009-01-20	6.31	6.39	6.24	6.35	10669683	78446984.000
2009-01-21	6.29	6.49	6.21	6.39	18510410	137582560.000
2009-01-22	6.46	6.50	6.28	6.36	10427416	77370288.000
2009-01-23	6.37	6.46	6.30	6.37	13703249	102027384.000
2009-02-02	6.43	6.45	6.31	6.40	9809748	72932944.000
2009-02-03	6.38	6.59	6.35	6.59	26911959	203965040.000
2009-02-04	6.61	6.90	6.61	6.85	42082802	328922688.000
2009-02-05	6.82	6.92	6.59	6.66	31092993	243605344.000
2009-02-06	6.66	6.94	6.65	6.93	27592379	218107664.000
2009-02-09	7.06	7.33	7.06	7.23	40483211	333586880.000
2009-02-10	7.15	7.32	7.08	7.31	23469295	193774512.000
2009-02-11	7.15	8.15	7.10	7.93	67049887	591185856.000
2009-02-12	7.85	7.93	7.50	7.73	43552928	381893856.000
2009-02-13	7.68	8.25	7.67	8.21	41091662	374973888.000
2009-02-16	8.31	8.55	8.12	8.41	40599246	382605440.000
2009-02-17	8.35	8.49	8.01	8.01	32862091	304177920.000
2009-02-18	7.75	7.97	7.45	7.47	27753198	242885344.000
2009-02-19	7.51	7.75	7.39	7.56	19743645	170026848.000
2009-02-20	7.53	7.71	7.37	7.68	16946079	145599392.000
2009-02-23	7.66	8.31	7.46	8.13	33295520	300957376.000
2009-02-24	7.94	8.11	7.57	7.57	29774181	263956832.000
2009-02-25	7.70	8.14	7.33	7.91	36819235	322378400.000
2009-02-26	7.91	8.34	7.47	7.70	59556343	544039104.000
2009-02-27	7.65	8.01	7.46	7.84	45930317	407527872.000
2009-03-02	7.76	7.90	7.33	7.64	32119327	277919872.000
2009-03-03	7.36	7.56	7.26	7.33	23174494	194948000.000
2009-03-04	7.36	8.05	7.33	7.98	39260329	344506624.000
2009-03-05	8.11	8.48	8.00	8.34	69567913	646323136.000
2009-03-06	8.15	8.53	8.10	8.36	45999038	431518848.000
2009-03-09	8.48	8.78	8.01	8.05	50305857	476198560.000
2009-03-10	7.91	8.14	7.75	8.11	24382334	219034096.000
2009-03-11	8.38	8.43	7.86	7.92	28260032	259432080.000
2009-03-12	7.83	7.89	7.60	7.85	19149096	168272768.000
2009-03-13	7.89	8.02	7.70	7.72	13384745	119140800.000
2009-03-16	7.73	8.09	7.57	8.02	20791046	185737040.000
2009-03-17	8.00	8.29	7.93	8.25	29195939	269203264.000
2009-03-18	8.33	8.39	8.16	8.17	27947744	260308144.000
2009-03-19	8.18	8.38	8.11	8.38	24738198	230105120.000
2009-03-20	8.48	8.67	8.40	8.57	57676180	552834624.000
2009-03-23	8.52	8.91	8.40	8.78	38670521	376255840.000
2009-03-24	8.95	9.12	8.71	8.71	38313879	380878816.000
2009-03-25	8.66	8.91	8.55	8.55	26533147	259625984.000
2009-03-26	8.61	8.90	8.46	8.89	34202691	334227872.000
2009-03-27	8.97	8.98	8.76	8.87	32999583	327975936.000
2009-03-30	8.88	8.93	8.69	8.72	19975338	196470672.000
2009-03-31	8.55	8.75	8.41	8.70	23660542	227707408.000
2009-04-01	8.74	8.89	8.71	8.77	23330501	229750720.000
2009-04-02	8.79	8.94	8.78	8.79	28605076	283657216.000
2009-04-03	8.83	9.30	8.77	9.03	53342671	537386624.000
2009-04-07	9.05	9.12	8.81	8.96	32707049	327068192.000
2009-04-08	8.90	8.93	8.35	8.35	33519162	324331200.000
2009-04-09	8.37	8.52	8.25	8.49	18870147	178180576.000
2009-04-10	8.58	8.76	8.53	8.68	17334876	168132592.000
2009-04-13	8.75	8.89	8.65	8.78	24472288	240224528.000
2009-04-14	8.78	8.90	8.72	8.82	21474026	212052320.000
2009-04-15	8.85	8.87	8.64	8.79	20902309	205165760.000
2009-04-16	8.77	9.09	8.68	8.93	34871296	347294784.000
2009-04-17	8.93	8.93	8.69	8.73	21670585	213207584.000
2009-04-20	8.70	8.91	8.67	8.90	19233244	190199440.000
2009-04-21	8.75	8.86	8.66	8.76	17031573	166963024.000
2009-04-22	8.83	9.05	8.55	8.58	34620161	342159104.000
2009-04-23	8.50	8.60	8.35	8.49	16106574	153122992.000
2009-04-24	8.53	8.59	8.38	8.39	12142894	115709064.000
2009-04-27	8.39	8.44	8.10	8.18	15256168	142035968.000
2009-04-28	8.14	8.23	7.99	8.15	16686898	152759280.000
2009-04-29	8.19	8.80	8.14	8.58	27596914	263228384.000
2009-04-30	8.58	8.63	8.45	8.48	14258223	136402720.000
2009-05-04	8.55	8.82	8.50	8.78	19112780	186383904.000
2009-05-05	8.85	8.93	8.75	8.80	21585282	213197792.000
2009-05-06	8.85	9.03	8.76	8.92	23092823	230373040.000
2009-05-07	8.95	9.28	8.93	9.07	38327154	388721184.000
2009-05-08	9.07	9.35	8.97	9.35	43723543	448571104.000
2009-05-11	9.51	9.75	8.98	9.01	57942285	610321728.000
2009-05-12	8.95	9.11	8.80	9.11	27729018	278147104.000
2009-05-13	9.12	9.15	8.95	9.06	19010243	192052912.000
2009-05-14	8.95	9.03	8.84	9.03	17812151	177613520.000
2009-05-15	9.03	9.10	8.92	9.02	14331141	144064032.000
2009-05-19	9.13	9.18	8.99	9.03	17630465	178714192.000
2009-05-20	9.06	9.30	9.04	9.06	22486542	229885936.000
2009-05-21	8.98	9.02	8.75	8.80	21574352	213827584.000
2009-05-22	8.75	8.95	8.71	8.95	10015060	99231984.000
2009-05-25	8.75	9.07	8.65	9.00	14277492	142407056.000
2009-05-26	9.06	9.15	8.97	9.00	13319152	134429152.000
2009-05-27	9.08	9.34	9.02	9.23	21348924	214372416.000
2009-06-01	9.37	9.65	9.27	9.52	32436476	334322848.000
2009-06-02	9.55	9.59	9.33	9.34	20770691	213538880.000
2009-06-03	9.37	9.91	9.34	9.79	42451022	448391616.000
2009-06-04	9.71	10.23	9.63	10.08	53456458	581415808.000
2009-06-05	10.09	10.16	9.86	9.95	19354761	209702176.000
2009-06-08	9.95	10.40	9.76	10.13	29755233	328197216.000
2009-06-09	10.04	10.19	9.76	10.08	20871695	225334752.000
2009-06-10	10.08	10.30	10.00	10.08	18406817	201932272.000
2009-06-11	10.08	10.37	10.03	10.14	26942759	298476032.000
2009-06-12	10.08	10.21	9.77	9.85	19551623	211344592.000
2009-06-15	9.86	10.44	9.84	10.44	37244073	413079424.000
2009-06-16	10.38	10.51	10.22	10.35	20903034	234424128.000
2009-06-17	10.27	10.75	10.10	10.54	25326782	284567040.000
2009-06-18	10.55	11.21	10.51	10.99	43349436	512611904.000
2009-06-19	10.95	11.18	10.93	11.06	23253911	277213504.000
2009-06-22	11.23	12.13	11.22	11.84	46105070	582775616.000
2009-06-23	11.59	12.30	11.45	11.97	38140122	486509760.000
2009-06-24	11.86	12.00	11.63	11.84	20090793	254267232.000
2009-06-25	11.75	12.21	11.70	11.83	15130374	193807344.000
2009-06-26	11.87	12.23	11.76	12.16	24450007	317063680.000
2009-06-29	12.19	12.30	12.06	12.08	17201375	223880016.000
2009-06-30	12.08	12.21	11.93	12.01	11085562	142809920.000
2009-07-01	11.95	12.55	11.85	12.40	22768221	298251936.000
2009-07-02	12.42	12.64	12.20	12.35	19497441	258006560.000
2009-07-03	12.27	12.29	12.04	12.21	17671023	229998512.000
2009-07-06	12.23	12.48	12.22	12.30	17776679	234932848.000
2009-07-07	12.25	12.27	11.87	11.90	24515845	315367264.000
2009-07-08	11.81	11.82	11.24	11.68	21925320	272878752.000
2009-07-09	11.64	12.05	11.56	11.88	19255351	243420384.000
2009-07-10	11.91	12.10	11.65	11.86	14017092	178111424.000
2009-07-13	11.71	11.91	11.62	11.65	14382726	180254224.000
2009-07-14	11.69	12.10	11.69	12.01	19081233	244813648.000
2009-07-15	11.95	12.10	11.80	11.99	18782576	240061536.000
2009-07-16	12.08	12.65	11.88	12.35	41060474	539598400.000
2009-07-17	12.30	12.40	11.91	12.10	24678503	320009024.000
2009-07-20	12.14	12.25	11.91	12.24	19069671	246985632.000
2009-07-21	12.27	12.49	11.97	11.98	26025202	341060384.000
2009-07-22	11.86	12.20	11.85	12.15	19348544	249588752.000
2009-07-23	12.16	12.44	11.99	12.31	20990605	275398880.000
2009-07-24	12.37	12.43	11.92	12.16	17508263	227374240.000
2009-07-27	12.23	12.47	12.09	12.46	26159881	345642720.000
2009-07-28	12.53	12.93	12.42	12.84	36589950	495881120.000
2009-07-29	12.80	13.48	12.00	12.64	47485378	656131840.000
2009-07-30	13.05	13.87	12.83	13.74	58491620	837375552.000
2009-07-31	13.94	14.00	13.40	13.84	39296765	572552704.000
2009-08-03	13.75	14.03	13.60	13.90	25082234	366984608.000
2009-08-04	13.95	13.95	13.22	13.45	26218501	374798144.000
2009-08-05	13.42	13.57	13.15	13.28	19507902	276176512.000
2009-08-06	13.05	13.28	12.59	12.87	22968294	315259328.000
2009-08-07	12.81	13.09	12.40	12.46	16465651	224405456.000
2009-08-10	12.55	12.73	12.23	12.35	13678561	181711792.000
2009-08-11	12.50	12.85	12.42	12.73	14280077	192973040.000
2009-08-12	12.70	12.70	11.75	11.95	15227783	199700576.000
2009-08-13	11.94	12.34	11.55	12.23	22301254	284483584.000
2009-08-14	12.14	12.20	11.65	11.71	13281884	169098016.000
2009-08-17	11.55	11.89	10.96	10.98	15497487	189746320.000
2009-08-18	10.83	11.19	10.73	11.09	9519820	112764752.000
2009-08-19	11.13	11.31	10.55	10.65	13673162	161939728.000
2009-08-20	10.66	11.13	10.65	11.07	10573204	124494312.000
2009-08-21	11.05	11.55	11.00	11.47	13045557	159298912.000
2009-08-24	11.49	11.55	11.30	11.38	11040074	135452224.000
2009-08-25	11.39	11.43	10.46	10.87	14940692	174535168.000
2009-08-26	10.73	11.10	10.60	10.98	9353949	110199480.000
2009-08-27	10.95	11.40	10.85	11.13	9564525	114987328.000
2009-08-28	11.05	11.25	10.63	10.69	9557470	111221504.000
2009-08-31	10.55	10.58	9.75	10.00	12574689	137988720.000
2009-09-01	9.80	10.40	9.80	10.11	12055482	133608520.000
2009-09-02	10.05	10.57	9.96	10.47	13081500	147352848.000
2009-09-03	10.48	11.07	10.35	10.95	20697186	241202256.000
2009-09-04	10.98	11.21	10.88	10.94	9964176	118480880.000
2009-09-07	11.00	11.30	10.95	11.06	10088525	121047408.000
2009-09-08	11.04	11.40	10.77	11.30	9010027	108731168.000
2009-09-09	11.32	11.65	11.25	11.57	12718150	156540640.000
2009-09-10	11.48	11.64	11.40	11.60	8063391	100052184.000
2009-09-11	11.50	12.23	11.48	12.07	12278278	156975168.000
2009-09-14	12.10	12.15	11.89	12.10	8902419	114703936.000
2009-09-15	12.10	12.21	11.85	12.08	8098627	104225520.000
2009-09-16	11.95	12.08	11.65	11.80	6950044	88116480.000
2009-09-17	11.81	12.09	11.81	12.03	8990677	115790656.000
2009-09-18	12.03	12.24	11.61	11.65	9900058	127206160.000
2009-09-21	11.50	11.72	11.23	11.66	7304099	89874512.000
2009-09-22	11.60	11.80	11.40	11.43	5694307	70660920.000
2009-09-23	11.35	11.63	11.04	11.06	7596018	92416312.000
2009-09-24	11.10	12.21	10.88	11.76	15315621	190044336.000
2009-09-25	11.60	12.10	11.51	11.77	17040093	217027136.000
2009-09-28	11.78	12.30	11.78	11.97	18180823	234744048.000
2009-09-29	11.99	12.87	11.81	12.65	36714460	488049440.000
2009-09-30	12.70	12.72	12.37	12.53	20701861	277266464.000
2009-10-09	12.68	13.10	12.65	13.02	19592921	269794176.000
2009-10-12	13.03	13.21	12.47	12.59	21382678	293087360.000
2009-10-13	12.26	12.85	12.26	12.84	17743217	240244192.000
2009-10-14	12.92	12.97	12.40	12.61	25421977	345515968.000
2009-10-15	12.66	12.90	12.55	12.65	13118267	177817808.000
2009-10-19	12.69	12.97	12.46	12.92	16807615	229184512.000
2009-10-20	12.96	13.21	12.87	12.97	20816779	288526080.000
2009-10-21	12.98	13.49	12.88	13.17	23170811	326589888.000
2009-10-22	13.08	13.14	12.75	12.77	14491934	199696704.000
2009-10-23	12.85	13.40	12.84	13.12	19842624	278025600.000
2009-10-26	13.01	13.19	12.76	12.90	12626837	174049728.000
2009-10-27	12.87	12.87	12.23	12.26	14601313	196078464.000
2009-10-28	12.31	12.70	12.31	12.54	13124180	176121616.000
2009-10-29	12.39	12.54	12.18	12.44	9554850	126194136.000
2009-10-30	12.56	12.74	12.33	12.36	14117979	189592448.000
2009-11-02	12.10	13.05	12.00	12.98	21033023	285448640.000
2009-11-03	12.97	13.30	12.94	13.10	16831908	235549088.000
2009-11-04	13.05	13.47	13.05	13.32	18836907	266912656.000
2009-11-05	13.35	13.37	13.09	13.19	14768568	207354960.000
2009-11-06	13.21	13.38	13.11	13.13	12010784	169458912.000
2009-11-09	13.21	13.25	12.97	13.11	10528290	146556448.000
2009-11-11	13.11	13.34	12.92	13.23	14997178	210773760.000
2009-11-12	13.25	13.32	13.13	13.20	10015229	140929392.000
2009-11-13	13.14	13.17	12.91	13.15	9502522	132161416.000
2009-11-16	13.16	13.49	13.13	13.45	24473331	347352960.000
2009-11-17	13.47	13.73	13.45	13.45	19320911	279066848.000
2009-11-18	13.45	13.65	13.33	13.49	16793230	240994000.000
2009-11-19	13.49	13.77	13.49	13.70	18970638	274945248.000
2009-11-20	13.65	13.92	13.43	13.75	17601126	255299472.000
2009-11-23	13.75	13.85	13.57	13.69	14609335	212418448.000
2009-11-24	13.75	14.32	13.32	13.47	27960692	413731296.000
2009-11-25	13.56	14.09	13.45	14.07	26432666	387151680.000
2009-11-26	14.10	14.21	13.09	13.24	29402460	424041600.000
2009-11-27	13.03	13.17	12.65	12.68	17255686	236564592.000
2009-11-30	12.75	13.12	12.75	13.05	10164268	140491040.000
2009-12-01	13.06	13.59	12.86	13.58	17854550	251235632.000
2009-12-02	13.64	13.94	13.52	13.66	15950820	232956448.000
2009-12-03	13.55	13.85	13.45	13.78	10397548	150570704.000
2009-12-04	13.75	15.15	13.59	15.14	71942580	1112953344.000
2009-12-07	14.88	15.46	14.67	15.18	47130828	753135872.000
2009-12-08	15.05	15.21	14.76	14.91	24138909	381673856.000
2009-12-09	14.65	14.90	14.40	14.50	16450827	254044160.000
2009-12-10	14.63	15.15	14.63	14.76	14349172	226094544.000
2009-12-11	14.81	15.25	14.67	14.96	14339572	227878656.000
2009-12-14	14.81	16.35	14.55	16.11	39039374	640500160.000
2009-12-15	15.80	16.35	15.66	15.77	32232045	544216064.000
2009-12-16	15.66	16.35	15.65	16.04	23183006	392716576.000
2009-12-17	16.04	16.24	15.45	15.51	20768113	343950560.000
2009-12-18	15.15	15.80	14.93	15.39	21819727	352494432.000
2009-12-21	15.25	15.35	14.73	15.03	14894124	236882256.000
2009-12-22	15.00	15.45	14.91	15.02	16020160	256682208.000
2009-12-23	14.87	15.39	14.87	15.00	14791846	236819024.000
2009-12-24	15.04	15.65	14.80	15.58	17242809	277549408.000
2009-12-25	15.46	15.61	15.25	15.37	9676965	157229328.000
2009-12-28	15.49	16.03	15.38	15.85	12777696	213605104.000
2009-12-29	15.87	16.25	15.77	16.25	16412424	277775872.000
2009-12-30	16.30	17.10	16.15	16.75	32697162	575696768.000
2009-12-31	16.75	16.84	16.27	16.64	20509975	356303872.000
2010-01-04	16.78	16.83	15.95	16.03	22072077	376458048.000
2010-01-05	16.08	16.40	15.60	16.07	23000142	386890816.000
2010-01-06	15.95	15.98	15.58	15.69	21490123	356479616.000
2010-01-07	15.70	15.82	15.23	15.27	16397428	266957632.000
2010-01-08	15.21	15.59	15.03	15.55	18428296	297532736.000
2010-01-11	16.11	16.25	14.91	15.18	23134662	377202784.000
2010-01-12	15.18	15.18	14.30	14.98	32076922	499756800.000
2010-01-13	14.45	14.68	13.95	14.02	40777782	615953984.000
2010-01-14	14.02	14.34	13.76	14.26	26507515	396759488.000
2010-01-15	14.28	14.64	14.05	14.54	18660016	285303872.000
2010-01-18	14.52	14.52	14.04	14.28	19008061	287379808.000
2010-01-19	14.34	14.83	14.33	14.55	19826071	307001184.000
2010-01-20	14.60	14.65	14.00	14.11	15356275	232007824.000
2010-01-21	14.20	14.45	14.13	14.35	14452200	219030000.000
2010-01-22	14.16	15.87	14.05	15.32	51451957	820786304.000
2010-01-25	14.90	15.15	14.65	14.77	29689191	468023488.000
2010-01-26	14.78	15.60	14.55	15.15	49694844	793262592.000
2010-01-27	15.13	15.21	14.56	14.71	28337128	444862304.000
2010-01-28	14.54	14.65	14.17	14.31	24087114	365535840.000
2010-01-29	14.16	14.56	14.13	14.15	19213217	291120992.000
2010-02-01	14.15	14.15	13.46	13.61	17844972	259377088.000
2010-02-02	13.72	14.12	13.56	13.60	13332517	195881824.000
2010-02-03	13.55	14.30	13.30	14.18	23291641	344300832.000
2010-02-04	13.95	14.29	13.85	13.97	16614597	247684416.000
2010-02-05	13.65	14.51	13.55	14.10	19518808	291389248.000
2010-02-08	14.14	14.20	13.75	13.95	8147932	120690400.000
2010-02-09	13.92	14.40	13.77	14.28	12234450	183876864.000
2010-02-10	14.40	14.57	14.30	14.52	11618593	177744272.000
2010-02-11	14.52	14.53	14.31	14.33	6456384	98310280.000
2010-02-12	14.40	14.54	14.33	14.40	6497371	99268192.000
2010-02-22	14.23	14.33	14.10	14.13	7000972	105416680.000
2010-02-23	14.10	14.20	13.75	14.07	7042370	104433008.000
2010-02-24	13.95	14.28	13.90	14.26	11191485	167801136.000
2010-02-25	14.26	14.75	14.23	14.56	19612402	302713600.000
2010-02-26	14.51	14.60	14.33	14.44	17158221	262015792.000
2010-03-01	14.44	15.05	14.40	15.00	27213244	427471520.000
2010-03-02	15.05	15.10	14.86	15.08	17794472	282019872.000
2010-03-03	15.08	15.14	14.82	15.13	12675793	200566224.000
2010-03-04	15.10	15.23	14.60	14.63	17059804	268603104.000
2010-03-05	14.64	14.85	14.43	14.51	10384092	160863472.000
2010-03-08	14.53	14.79	14.33	14.62	8586215	132713896.000
2010-03-09	14.56	15.07	14.43	14.88	14654035	229866432.000
2010-03-10	14.80	15.20	14.78	15.05	19378422	308055840.000
2010-03-11	15.07	15.45	15.01	15.11	23369178	376000160.000
2010-03-12	15.05	15.22	14.60	14.60	12575637	197006880.000
2010-03-15	14.62	14.69	14.33	14.35	6756826	103456288.000
2010-03-16	14.33	14.65	14.26	14.61	5815076	88954880.000
2010-03-17	14.59	14.85	14.42	14.83	10153325	157636560.000
2010-03-18	14.92	15.01	14.73	14.79	8048536	126377536.000
2010-03-19	14.75	14.99	14.69	14.95	7490087	117544552.000
2010-03-22	15.05	15.23	14.96	15.06	11208177	178790976.000
2010-03-23	15.07	15.15	14.80	14.85	6684017	105465168.000
2010-03-24	14.91	15.10	14.73	14.75	10034809	157918448.000
2010-03-25	14.73	14.73	14.35	14.42	10127234	155403392.000
2010-03-26	14.45	15.14	14.38	14.79	12987849	203702304.000
2010-03-29	14.84	15.50	14.84	15.37	37141867	598581632.000
2010-03-30	15.45	15.51	15.25	15.40	22659791	367602528.000
2010-03-31	15.38	15.38	15.05	15.15	14893760	238724144.000
2010-04-01	15.23	15.37	15.14	15.30	16955186	272813184.000
2010-04-02	15.40	15.53	15.25	15.34	20133547	326683136.000
2010-04-06	15.37	15.49	15.11	15.22	13511945	218068896.000
2010-04-07	15.20	15.20	14.91	14.99	12665226	200897184.000
2010-04-08	14.96	15.10	14.85	14.95	10506339	166095904.000
2010-04-09	14.91	15.04	14.83	15.00	10192561	160972288.000
2010-04-12	15.02	15.06	14.55	14.60	19562031	304522432.000
2010-04-13	14.65	15.10	14.60	14.95	22678161	356524800.000
2010-04-14	14.85	14.94	14.62	14.73	20699525	321727616.000
2010-04-15	14.73	14.83	14.63	14.82	12805914	199743632.000
2010-04-19	14.35	14.35	13.33	13.36	29471540	432433152.000
2010-04-20	13.36	13.52	12.74	12.93	19375114	268823872.000
2010-04-21	12.90	13.14	12.73	13.09	18157034	250708176.000
2010-04-22	13.10	13.10	12.63	12.68	20448285	277874720.000
2010-04-23	12.70	12.99	12.51	12.75	22851760	311359680.000
2010-04-26	12.79	12.84	12.50	12.52	12298370	165568752.000
2010-04-27	12.45	12.45	11.86	12.08	13180734	171754160.000
2010-04-28	11.93	12.29	11.75	12.07	15282420	196799424.000
2010-04-29	12.20	12.50	12.15	12.30	16982791	223737136.000
2010-04-30	12.32	12.60	12.30	12.57	19628297	261830288.000
2010-05-04	12.23	12.35	11.93	12.05	11662320	151709008.000
2010-05-05	11.95	12.35	11.83	12.31	12865647	166384336.000
2010-05-06	12.20	12.20	11.18	11.25	20706898	260226576.000
2010-05-07	11.00	11.30	10.66	10.94	16070036	190538880.000
2010-05-10	10.95	11.44	10.95	11.44	14293144	172378192.000
2010-05-11	11.75	11.97	11.05	11.15	23404675	289974528.000
2010-05-12	11.14	11.67	11.03	11.54	25128284	302133472.000
2010-05-13	11.50	11.83	11.36	11.74	23011707	282894848.000
2010-05-14	11.61	11.61	11.28	11.41	22733106	274608320.000
2010-05-17	11.21	11.22	10.60	10.63	18798103	216472992.000
2010-05-18	10.65	11.05	10.57	10.96	15524851	178404560.000
2010-05-19	10.83	11.10	10.68	10.86	13075293	151186992.000
2010-05-20	10.79	11.03	10.66	10.74	9118493	104597904.000
2010-05-21	10.36	10.94	10.25	10.94	14140864	160425840.000
2010-05-24	11.01	11.43	10.95	11.30	18322904	218301728.000
2010-05-25	11.21	11.25	10.84	10.93	16433282	191935632.000
2010-05-26	11.00	11.10	10.87	10.93	8859195	103139960.000
2010-05-27	10.90	11.05	10.65	11.02	15592275	179526048.000
2010-05-28	11.13	11.19	10.86	10.93	12720405	148524944.000
2010-05-31	10.91	10.91	10.46	10.46	15125382	171728352.000
2010-06-01	10.41	10.56	10.26	10.35	10433711	115124432.000
2010-06-02	10.25	10.47	10.15	10.45	8804749	96471584.000
2010-06-03	10.50	10.59	10.28	10.29	11646707	129087680.000
2010-06-04	10.15	10.43	10.11	10.28	8681580	95012048.000
2010-06-07	10.05	10.21	9.78	9.92	11091060	118071104.000
2010-06-08	9.91	10.02	9.66	9.78	10709622	112472936.000
2010-06-09	9.89	10.82	9.76	10.82	44220944	494772416.000
2010-06-10	10.45	10.65	10.36	10.42	35413368	395208768.000
2010-06-11	10.51	10.63	10.36	10.42	19176120	213234384.000
2010-06-17	10.56	10.92	10.34	10.51	32646971	368945920.000
2010-06-18	10.43	10.89	10.40	10.64	31259597	354499872.000
2010-06-21	10.80	11.30	10.60	11.17	43519084	509190496.000
2010-06-22	11.09	11.36	10.95	11.18	24106083	285069888.000
2010-06-23	11.14	11.35	10.97	11.21	18607670	219552512.000
2010-06-24	11.19	11.48	11.09	11.43	21963022	262884304.000
2010-06-25	11.31	11.51	11.21	11.39	20244421	243000688.000
2010-06-28	11.35	11.46	11.09	11.15	17239425	205083072.000
2010-06-29	11.22	11.27	10.38	10.39	22865542	259571376.000
2010-06-30	10.25	10.59	10.16	10.37	16533795	183358128.000
2010-07-01	10.38	10.68	10.23	10.47	15622118	174145488.000
2010-07-02	10.49	10.78	10.26	10.69	16801734	187893904.000
2010-07-05	10.54	10.82	10.41	10.73	15242698	171511856.000
2010-07-06	10.67	10.96	10.60	10.89	19254665	221170192.000
2010-07-07	10.80	10.89	10.67	10.83	12238232	139610752.000
2010-07-08	10.89	11.13	10.86	10.90	21007017	244359968.000
2010-07-09	10.98	11.35	10.76	11.33	27685531	327999296.000
2010-07-12	11.27	11.71	11.21	11.52	19268192	234215008.000
2010-07-13	11.35	11.59	11.17	11.38	14002525	167351424.000
2010-07-14	11.50	11.85	11.41	11.57	27628124	338269024.000
2010-07-15	11.55	11.65	11.03	11.07	22984141	275085344.000
2010-07-16	10.96	11.10	10.80	10.96	11284650	130908000.000
2010-07-19	10.83	11.38	10.76	11.28	14493236	171180160.000
2010-07-20	11.31	11.53	11.31	11.44	22932522	276860480.000
2010-07-21	11.52	11.59	11.39	11.46	19656038	238486928.000
2010-07-22	11.40	11.75	11.35	11.71	21135830	258820944.000
2010-07-23	11.74	12.03	11.61	11.85	31409173	392296384.000
2010-07-26	11.87	11.91	11.65	11.83	16192429	201428608.000
2010-07-27	11.83	11.83	11.58	11.71	13020595	160392016.000
2010-07-28	11.69	12.01	11.61	11.98	20931214	262663968.000
2010-07-29	11.97	12.08	11.81	11.91	16312144	205668544.000
2010-07-30	11.89	11.92	11.75	11.84	8455998	105539664.000
2010-08-02	11.84	12.19	11.83	12.09	15741155	199793184.000
2010-08-03	12.18	12.20	11.77	11.79	15789686	199194528.000
2010-08-04	11.75	11.85	11.40	11.70	17655171	216399552.000
2010-08-05	11.61	11.68	11.44	11.57	11789438	143737280.000
2010-08-06	11.51	11.83	11.41	11.80	15979348	196382448.000
2010-08-10	11.95	11.95	11.15	11.20	20480958	250092800.000
2010-08-11	11.21	11.45	11.19	11.28	12366869	147811632.000
2010-08-12	11.16	11.44	11.14	11.40	12825096	153156384.000
2010-08-13	11.35	11.60	11.19	11.53	13029057	157250416.000
2010-08-16	11.49	11.87	11.37	11.80	19733767	243632320.000
2010-08-17	11.83	12.02	11.80	11.96	21060037	264493184.000
2010-08-18	11.99	12.19	11.79	11.82	18707676	236335616.000
2010-08-19	11.84	12.17	11.84	12.05	22431989	284374880.000
2010-08-20	12.05	12.33	11.97	12.09	25128820	322045248.000
2010-08-23	12.04	12.35	11.80	12.11	18555692	237619184.000
2010-08-24	12.05	12.33	11.82	12.18	16653525	212735904.000
2010-08-25	12.07	12.14	11.63	11.72	20616427	258074816.000
2010-08-26	11.73	11.91	11.55	11.72	9782451	121076312.000
2010-08-27	11.72	11.94	11.69	11.85	8349537	104242968.000
2010-08-30	11.93	12.06	11.75	12.04	16174221	203447024.000
2010-08-31	11.97	12.06	11.77	11.88	12103175	152097136.000
2010-09-01	11.97	12.85	11.93	12.50	53521097	699450048.000
2010-09-02	12.54	12.57	12.25	12.45	27715922	361576256.000
2010-09-03	12.40	12.47	12.05	12.38	23232655	299894912.000
2010-09-06	12.49	12.92	12.30	12.83	34878615	467742656.000
2010-09-07	12.80	12.90	12.61	12.75	19606659	262493984.000
2010-09-08	12.63	12.63	12.31	12.47	23115521	301777408.000
2010-09-09	12.46	12.46	12.15	12.26	22514500	291966432.000
2010-09-10	12.30	12.37	11.89	12.24	19367431	247139280.000
2010-09-13	12.20	12.43	11.98	12.27	18763452	241203904.000
2010-09-14	12.40	12.49	12.20	12.30	20481441	266528112.000
2010-09-15	12.22	12.38	11.70	11.94	27722072	349930624.000
2010-09-16	11.82	11.94	11.38	11.51	15659634	192185456.000
2010-09-17	11.68	11.75	11.33	11.35	12550367	152677280.000
2010-09-20	11.36	11.58	11.25	11.28	15451705	186344160.000
2010-09-21	11.36	11.49	11.22	11.30	13145678	158103344.000
2010-09-27	11.40	11.45	11.19	11.34	13541550	161578016.000
2010-09-28	11.31	11.34	10.93	10.98	15313707	180234560.000
2010-09-29	10.95	11.18	10.91	10.94	13974357	163290976.000
2010-09-30	10.95	11.37	10.92	11.34	17855369	212409680.000
2010-10-08	11.35	11.73	11.21	11.63	26677023	325405504.000
2010-10-11	11.62	12.41	11.55	12.17	40848863	521195360.000
2010-10-12	12.15	12.38	12.02	12.25	26511574	340984672.000
2010-10-13	12.31	12.70	12.25	12.70	37594038	493870048.000
2010-10-14	12.70	13.43	12.66	12.72	55818648	762550144.000
2010-10-15	12.66	13.87	12.56	13.62	58531238	819332736.000
2010-10-18	13.71	14.55	13.52	13.79	44725723	654983040.000
2010-10-19	13.69	14.10	13.32	14.00	24369603	348284672.000
2010-10-20	14.34	14.34	13.60	13.74	42897213	629096512.000
2010-10-21	13.76	13.76	13.15	13.50	31306929	437992768.000
2010-10-22	13.45	13.59	13.22	13.32	24200132	338377472.000
2010-10-25	13.30	13.90	13.03	13.61	38832459	548520832.000
2010-10-26	13.62	13.80	13.23	13.36	25428758	360156576.000
2010-10-27	13.35	13.76	13.17	13.21	21317273	300593088.000
2010-10-28	13.10	13.50	13.10	13.40	15068625	210441120.000
2010-10-29	13.37	13.55	13.06	13.16	20516919	285088320.000
2010-11-01	13.15	13.45	13.15	13.32	20039399	279731136.000
2010-11-02	13.35	13.62	12.98	13.50	46643526	651878336.000
2010-11-03	13.41	14.34	13.15	13.94	57087253	824771264.000
2010-11-04	13.80	14.18	13.71	13.92	37981163	554088768.000
2010-11-05	14.06	14.18	13.74	13.90	26939159	392782368.000
2010-11-08	13.96	14.15	13.66	13.88	28418344	414098336.000
2010-11-09	13.88	13.91	13.25	13.46	34446711	488295136.000
2010-11-10	13.34	13.35	13.02	13.09	28818392	397684960.000
2010-11-11	13.07	13.64	13.06	13.39	35264277	491758496.000
2010-11-12	13.29	13.30	12.21	12.35	41092597	550336832.000
2010-11-15	12.44	12.50	12.03	12.37	26083929	334984928.000
2010-11-16	12.42	12.45	11.70	11.85	21891688	278048576.000
2010-11-17	11.73	12.25	11.66	12.08	23361531	296169600.000
2010-11-18	12.20	12.41	11.99	12.23	21728621	279393184.000
2010-11-19	12.18	12.24	11.65	12.05	22698300	286044224.000
2010-11-22	11.80	11.97	11.65	11.78	23112563	287352352.000
2010-11-23	11.73	11.75	11.39	11.64	18414573	224935872.000
2010-11-24	11.55	11.89	11.47	11.74	20769674	257378048.000
2010-11-25	11.83	12.15	11.56	12.07	30840261	388135072.000
2010-11-26	11.96	12.04	11.74	11.80	16417296	205451344.000
2010-11-29	11.73	11.89	11.62	11.77	10470360	129747152.000
2010-11-30	11.75	11.87	11.30	11.57	19084103	232158000.000
2010-12-01	11.52	11.64	11.44	11.54	9948660	121345120.000
2010-12-02	11.70	11.74	11.53	11.55	12682221	155915584.000
2010-12-03	11.56	11.73	11.45	11.58	12963858	158885888.000
2010-12-06	11.61	11.85	11.51	11.81	17890263	221596128.000
2010-12-07	11.66	11.84	11.51	11.80	12794505	157614608.000
2010-12-08	11.73	11.84	11.55	11.60	15419166	189223664.000
2010-12-09	11.50	11.59	11.30	11.30	15201778	183677248.000
2010-12-10	11.26	11.55	11.22	11.47	8889853	107060912.000
2010-12-13	11.52	11.75	11.39	11.73	18924698	231795312.000
2010-12-14	11.72	11.74	11.60	11.64	12863307	158218000.000
2010-12-15	11.65	11.92	11.62	11.74	22062478	273861472.000
2010-12-16	11.70	11.75	11.58	11.60	14807383	182250896.000
2010-12-17	11.60	11.66	11.48	11.53	10789995	131595232.000
2010-12-20	11.59	11.60	11.05	11.26	19841241	236836400.000
2010-12-21	11.27	11.65	11.15	11.61	21994506	265525648.000
2010-12-22	11.59	11.60	11.25	11.34	15855726	191547376.000
2010-12-23	11.35	12.34	11.24	11.76	50553894	632349696.000
2010-12-24	11.55	12.22	11.35	12.00	61485326	771563200.000
2010-12-27	12.25	12.33	11.60	11.62	41013054	517609248.000
2010-12-28	11.48	12.01	11.48	11.74	31756455	395295808.000
2010-12-29	11.69	11.92	11.53	11.90	23809919	295656928.000
2010-12-30	11.82	11.88	11.42	11.65	21865485	269229088.000
2010-12-31	11.57	11.78	11.53	11.75	27591138	339591008.000
2011-01-04	11.77	12.29	11.65	12.10	39160584	497331168.000
2011-01-05	11.95	12.22	11.91	11.97	23929642	303664480.000
2011-01-06	11.95	12.16	11.88	12.05	19228860	243728992.000
2011-01-07	12.04	13.00	11.90	12.55	79661393	1052538368.000
2011-01-10	12.40	12.63	12.23	12.24	33836807	441205472.000
2011-01-11	12.20	12.74	12.12	12.70	36134191	473667104.000
2011-01-12	12.70	12.89	12.47	12.85	37335038	498534912.000
2011-01-13	12.94	12.94	12.56	12.58	25621483	342606048.000
2011-01-17	12.25	12.35	11.59	11.70	27398210	346440928.000
2011-01-18	11.60	11.87	11.56	11.67	13301129	164594832.000
2011-01-19	11.67	11.87	11.43	11.84	18366202	225897504.000
2011-01-20	11.77	11.77	11.35	11.37	16779277	204279904.000
2011-01-21	11.35	12.10	11.33	11.65	21887765	270670496.000
2011-01-24	11.69	11.90	11.51	11.71	14222222	175555808.000
2011-01-25	11.65	12.03	11.62	11.94	16921498	212097808.000
2011-01-26	11.96	12.04	11.82	11.97	11183031	140641248.000
2011-01-27	11.77	12.09	11.68	12.06	19060420	239590352.000
2011-01-28	12.01	12.05	11.78	11.88	12473110	156307680.000
2011-01-31	11.88	11.99	11.68	11.84	14555859	181357776.000
2011-02-01	11.89	11.94	11.73	11.86	11203179	140088240.000
2011-02-09	11.85	11.98	11.51	11.55	16720153	207085072.000
2011-02-10	11.53	11.75	11.46	11.75	16566147	202970800.000
2011-02-11	11.65	11.81	11.59	11.74	19361453	238600240.000
2011-02-14	11.77	12.33	11.74	12.21	38786837	493058272.000
2011-02-15	12.17	12.38	12.08	12.13	31293196	401577952.000
2011-02-16	12.05	12.26	12.04	12.18	21491785	274576032.000
2011-02-17	12.22	12.71	12.15	12.37	36007457	470887872.000
2011-02-18	12.33	12.42	12.11	12.14	20813460	268240320.000
2011-02-21	11.95	12.17	11.93	12.15	20144405	256019808.000
2011-02-22	12.16	12.21	11.73	11.75	26460004	333567872.000
2011-02-23	11.75	11.81	11.67	11.72	11977569	148212320.000
2011-02-24	11.70	11.88	11.60	11.79	14299402	176842400.000
2011-02-25	11.79	11.99	11.64	11.82	14649214	182747968.000
2011-02-28	11.86	11.98	11.70	11.91	15733607	196782176.000
2011-03-01	11.96	12.31	11.93	12.14	33530185	428503680.000
2011-03-02	12.05	12.71	11.98	12.48	66455856	872571840.000
2011-03-03	12.50	13.15	12.38	12.75	81450251	1100573440.000
2011-03-04	12.78	13.00	12.57	12.90	35414469	476479136.000
2011-03-07	12.93	13.30	12.86	12.91	31179733	426822944.000
2011-03-08	12.92	13.02	12.75	12.93	19880755	268730432.000
2011-03-09	12.93	13.00	12.77	12.84	14445987	195371744.000
2011-03-10	12.75	12.76	12.40	12.51	24153846	318050560.000
2011-03-11	12.45	12.60	12.31	12.33	16304385	213589264.000
2011-03-14	12.31	12.55	12.30	12.45	12523804	163701088.000
2011-03-15	12.45	12.45	12.01	12.18	20852544	267104752.000
2011-03-16	12.15	12.40	12.03	12.34	18763402	241170144.000
2011-03-17	12.19	12.29	12.06	12.13	13523564	173328960.000
2011-03-18	12.15	12.30	12.15	12.23	10962737	141292352.000
2011-03-21	12.20	12.37	12.15	12.33	11183715	144741088.000
2011-03-22	12.43	12.65	12.26	12.57	21664862	285578304.000
2011-03-23	12.50	12.69	12.46	12.60	16258843	215288240.000
2011-03-24	12.63	12.64	12.42	12.43	12768588	167877600.000
2011-03-25	12.50	12.78	12.45	12.72	29798789	396826176.000
2011-03-28	12.78	13.07	12.62	12.63	27147974	366629856.000
2011-03-29	12.62	13.10	12.57	12.81	30527338	412775680.000
2011-03-30	12.81	13.12	12.80	12.93	30623758	417691584.000
2011-03-31	12.94	12.95	12.60	12.65	13166932	176193264.000
2011-04-01	12.67	13.00	12.61	12.98	15324427	207381072.000
2011-04-06	13.05	13.32	13.05	13.13	34364508	476366560.000
2011-04-07	13.13	13.32	13.01	13.10	21805349	300545248.000
2011-04-08	13.07	13.20	12.98	13.07	16275785	223022432.000
2011-04-11	13.04	13.20	12.89	12.93	16885697	231193120.000
2011-04-12	12.92	13.03	12.70	12.76	13256948	178532176.000
2011-04-13	12.76	13.15	12.72	13.15	16300917	222009824.000
2011-04-14	13.14	13.30	13.06	13.15	21336359	295030144.000
2011-04-15	13.07	13.29	13.02	13.21	14583048	201225200.000
2011-04-18	13.15	13.23	13.00	13.03	15274692	209625056.000
2011-04-19	12.96	12.99	12.65	12.72	14939435	201137040.000
2011-04-20	12.77	12.90	12.58	12.66	9374589	125277920.000
2011-04-21	12.70	12.85	12.65	12.82	7587395	101801848.000
2011-04-22	12.77	12.86	12.66	12.72	6889067	92305888.000
2011-04-25	12.67	12.94	12.66	12.81	11152237	150024480.000
2011-04-26	12.80	13.11	12.75	13.00	19680578	267893040.000
2011-04-27	12.91	13.07	12.65	12.71	16563709	224660736.000
2011-04-28	12.79	13.10	12.48	12.55	20851860	281830432.000
2011-04-29	12.56	12.61	12.07	12.27	15908199	204833984.000
2011-05-03	12.21	12.37	12.17	12.29	7977899	103016480.000
2011-05-04	12.25	12.25	11.77	11.77	14619805	184343056.000
2011-05-05	11.75	11.93	11.65	11.84	7734532	96220584.000
2011-05-06	11.75	11.87	11.65	11.69	10597080	131167560.000
2011-05-09	11.71	11.82	11.58	11.67	7419659	91686608.000
2011-05-10	11.68	11.79	11.60	11.77	8017839	99182256.000
2011-05-11	11.79	11.83	11.68	11.71	8526215	105715016.000
2011-05-12	11.67	11.76	11.52	11.55	11051697	136029120.000
2011-05-13	11.58	11.76	11.45	11.70	11987031	146676480.000
2011-05-16	11.65	11.65	11.40	11.45	13996374	170239120.000
2011-05-17	11.44	11.68	11.39	11.60	10512705	128255480.000
2011-05-19	11.75	11.79	11.57	11.62	8967609	110493672.000
2011-05-20	11.66	11.82	11.62	11.75	9528099	118117928.000
2011-05-23	11.70	11.73	11.36	11.36	9943473	120572824.000
2011-05-24	11.36	11.43	11.29	11.36	6941221	83362824.000
2011-05-25	11.42	11.42	11.15	11.17	5832550	69462176.000
2011-05-26	11.24	11.30	11.08	11.10	7001512	82929528.000
2011-05-27	11.09	11.24	11.08	11.09	6039368	71246136.000
2011-05-30	11.07	11.24	11.05	11.12	6877344	81135576.000
2011-05-31	11.12	11.25	11.07	11.22	5845841	69086768.000
2011-06-01	11.20	11.24	11.14	11.18	6203383	73306848.000
2011-06-02	11.09	11.15	10.45	10.63	16800395	190991760.000
2011-06-03	10.63	10.71	10.48	10.67	11802407	133133992.000
2011-06-07	10.62	10.69	10.55	10.69	9917585	112007432.000
2011-06-08	10.71	10.71	10.56	10.64	7759080	87480504.000
2011-06-09	10.63	10.73	10.56	10.56	8243933	93103056.000
2011-06-10	10.58	10.62	10.29	10.52	9910617	108038096.000
2011-06-13	10.40	10.48	10.25	10.42	5718943	61802800.000
2011-06-14	10.42	10.74	10.37	10.53	7968262	87818872.000
2011-06-15	10.47	10.54	10.30	10.32	10112849	109417368.000
2011-06-16	10.25	10.26	10.00	10.04	9122367	96440184.000
2011-06-17	10.04	10.17	9.96	10.00	6133100	64516120.000
2011-06-20	9.99	10.05	9.78	10.03	9556141	98943272.000
2011-06-21	9.99	10.08	9.95	10.04	5840555	61144516.000
2011-06-22	10.08	10.15	9.92	10.05	6238521	65404028.000
2011-06-23	9.96	10.29	9.89	10.19	8272596	87379784.000
2011-06-24	10.17	10.57	10.12	10.47	16236134	175952544.000
2011-06-27	10.45	10.50	10.30	10.40	16714976	181497424.000
2011-06-28	10.40	10.43	10.26	10.33	8723849	93882216.000
2011-06-29	10.33	10.34	10.18	10.19	9751892	104262296.000
2011-06-30	10.18	10.60	10.18	10.43	16575633	180644880.000
2011-07-01	10.45	10.57	10.30	10.47	13943714	151854672.000
2011-07-04	10.48	10.75	10.47	10.75	16842273	187007856.000
2011-07-05	10.69	10.87	10.66	10.75	12043017	135141888.000
2011-07-06	10.70	10.75	10.55	10.64	8615821	95311840.000
2011-07-07	10.76	10.90	10.62	10.63	14118887	158063472.000
2011-07-08	10.67	10.94	10.63	10.86	14538727	163710416.000
2011-07-11	10.77	10.81	10.59	10.71	14458176	161348096.000
2011-07-12	10.63	10.66	10.49	10.49	10617013	116646696.000
2011-07-13	10.50	10.80	10.49	10.72	9818456	109222488.000
2011-07-14	10.74	10.77	10.58	10.75	8683826	96644632.000
2011-07-15	10.70	10.83	10.63	10.79	8793809	98521480.000
2011-07-18	10.82	10.87	10.65	10.65	9096086	101742816.000
2011-07-19	10.65	10.65	10.50	10.52	8012372	88097496.000
2011-07-20	10.60	10.66	10.42	10.57	8563142	93990048.000
2011-07-21	10.56	10.57	10.39	10.39	6579078	71688216.000
2011-07-22	10.39	10.50	10.37	10.37	5052176	54998408.000
2011-07-25	10.32	10.32	9.85	9.87	12673492	133202880.000
2011-07-26	9.88	9.98	9.86	9.90	6557494	67934736.000
2011-07-27	9.89	9.92	9.78	9.92	10520598	108410600.000
2011-07-28	9.88	9.88	9.70	9.82	6353348	65050424.000
2011-07-29	9.83	10.74	9.80	10.32	23838886	256613856.000
2011-08-01	10.15	10.23	10.05	10.13	11574778	122482760.000
2011-08-02	10.13	10.13	9.86	10.04	6689453	69738192.000
2011-08-03	9.89	10.38	9.88	10.18	11588916	123242224.000
2011-08-04	10.15	10.32	10.11	10.18	7586536	81017312.000
2011-08-05	9.86	10.05	9.81	9.94	9223695	95914568.000
2011-08-08	9.83	9.95	8.91	9.44	15769602	158297728.000
2011-08-09	9.05	9.57	9.02	9.46	13975581	137224192.000
2011-08-10	9.64	9.67	9.52	9.55	13040525	130944976.000
2011-08-11	9.38	9.83	9.32	9.81	13912710	140482672.000
2011-08-12	9.81	9.88	9.73	9.74	7401790	75810264.000
2011-08-15	9.76	10.11	9.69	10.03	13303016	138029568.000
2011-08-16	9.98	10.07	9.88	9.94	9066676	94509912.000
2011-08-17	9.94	10.06	9.90	9.91	5905902	61609888.000
2011-08-18	9.97	9.97	9.61	9.63	6609382	67699128.000
2011-08-19	9.46	9.65	9.37	9.57	7110505	70861304.000
2011-08-22	9.68	9.68	9.46	9.51	3745113	37475348.000
2011-08-23	9.55	9.84	9.50	9.82	8928981	90663808.000
2011-08-24	9.85	10.03	9.77	9.78	7112371	73550048.000
2011-08-25	9.85	10.21	9.81	10.17	22414252	236688336.000
2011-08-26	10.08	10.17	10.03	10.12	8263749	87169576.000
2011-08-29	10.00	10.00	9.72	9.75	12048292	123964008.000
2011-08-30	9.84	9.98	9.52	9.58	21398776	217942736.000
2011-08-31	9.58	9.69	9.51	9.57	14220286	142952032.000
2011-09-01	9.62	9.69	9.53	9.57	23618038	237124672.000
2011-09-02	9.55	9.56	9.31	9.35	16558367	162870576.000
2011-09-05	9.25	9.38	9.10	9.22	9366697	90430056.000
2011-09-06	9.10	9.35	9.07	9.24	5811945	56289336.000
2011-09-07	9.31	9.48	9.26	9.44	7830654	77037984.000
2011-09-08	9.50	9.50	9.36	9.37	5958944	58881064.000
2011-09-09	9.43	9.55	9.30	9.35	7116738	70248776.000
2011-09-13	9.20	9.27	9.11	9.16	9078254	87359440.000
2011-09-14	9.20	9.29	9.05	9.24	10062572	96683992.000
2011-09-15	9.24	9.35	9.19	9.23	7279330	70803152.000
2011-09-16	9.32	9.43	9.21	9.23	6418767	62638756.000
2011-09-19	9.16	9.19	8.93	8.96	9388122	89238360.000
2011-09-20	8.94	9.10	8.92	9.04	6000961	56691872.000
2011-09-21	9.05	9.35	8.94	9.31	13454258	130046544.000
2011-09-23	8.92	9.07	8.83	8.99	13337941	125095392.000
2011-09-26	8.87	8.98	8.81	8.82	10858816	101259984.000
2011-09-27	8.88	8.98	8.83	8.91	7032192	65776184.000
2011-09-28	8.99	9.01	8.76	8.83	6077477	56616176.000
2011-09-29	8.75	8.88	8.72	8.80	6618060	61277656.000
2011-09-30	8.85	8.91	8.79	8.83	7571975	70477752.000
2011-10-10	8.85	8.88	8.74	8.80	6770366	62697820.000
2011-10-11	9.09	9.17	8.83	8.91	9047510	85705064.000
2011-10-12	8.86	9.33	8.80	9.26	16298398	156976672.000
2011-10-13	9.22	9.34	9.16	9.31	12541730	121896576.000
2011-10-14	9.30	9.30	9.12	9.22	7660751	73929448.000
2011-10-17	9.22	9.32	9.20	9.23	6125572	59442528.000
2011-10-18	9.16	9.18	9.04	9.05	6739241	64266488.000
2011-10-19	9.06	9.17	8.95	9.00	5341770	50755972.000
2011-10-20	8.95	8.95	8.73	8.80	8285491	76676176.000
2011-10-21	8.80	9.00	8.74	8.87	9315997	87074344.000
2011-10-24	8.89	9.31	8.81	9.22	15534320	148211120.000
2011-10-25	9.17	9.41	9.10	9.36	18626428	181571072.000
2011-10-26	9.30	9.45	9.26	9.30	14761241	144901872.000
2011-10-28	9.50	9.59	9.38	9.47	14400736	143103904.000
2011-10-31	9.48	9.58	9.45	9.54	16772901	167443392.000
2011-11-01	9.45	9.67	9.41	9.49	13021715	130430488.000
2011-11-02	9.38	9.66	9.32	9.63	15722181	155717120.000
2011-11-03	9.63	9.78	9.55	9.56	17090563	173346752.000
2011-11-04	9.65	9.70	9.56	9.58	9026141	90896448.000
2011-11-07	9.57	9.57	9.43	9.45	7019156	69790792.000
2011-11-08	9.45	9.54	9.44	9.47	6260104	62253656.000
2011-11-09	9.50	9.61	9.45	9.60	8684791	86780408.000
2011-11-10	9.50	9.57	9.39	9.40	8354555	82877696.000
2011-11-11	9.41	9.48	9.33	9.39	5421253	53538688.000
2011-11-14	9.46	9.69	9.45	9.62	12161509	122187064.000
2011-11-15	9.58	9.63	9.55	9.60	7690611	77262328.000
2011-11-16	9.58	9.62	9.27	9.30	9837534	97113432.000
2011-11-17	9.30	9.38	9.20	9.23	7006243	68286624.000
2011-11-18	9.15	9.28	8.89	8.96	14855884	140813040.000
2011-11-21	8.97	8.98	8.84	8.92	6174428	57756000.000
2011-11-22	8.85	9.01	8.83	9.01	6373253	59728924.000
2011-11-23	9.01	9.04	8.85	8.91	5336431	50059164.000
2011-11-24	8.86	8.98	8.81	8.94	6267968	58704828.000
2011-11-25	8.93	8.94	8.84	8.86	4526361	42188056.000
2011-11-28	8.85	8.94	8.82	8.89	3886918	36223016.000
2011-11-29	8.94	9.02	8.89	9.01	5370391	50515564.000
2011-11-30	8.99	8.99	8.61	8.65	8214357	75707840.000
2011-12-01	9.00	9.13	8.85	8.97	16491921	155952848.000
2011-12-02	8.88	9.05	8.81	9.01	8707057	81824032.000
2011-12-05	8.97	9.12	8.84	8.99	9510201	89903024.000
2011-12-06	8.97	9.07	8.90	8.94	6509605	61242520.000
2011-12-07	8.95	9.05	8.87	9.00	4951028	46657304.000
2011-12-08	8.98	9.13	8.87	9.02	7053263	66802580.000
2011-12-09	8.95	9.08	8.92	9.05	7183820	68095264.000
2011-12-12	8.99	9.23	8.97	9.09	8772917	83912544.000
2011-12-13	9.05	9.19	8.87	8.87	14115261	134581280.000
2011-12-14	8.87	8.97	8.75	8.80	5894237	54824640.000
2011-12-15	8.75	8.93	8.71	8.75	7129566	66079164.000
2011-12-16	8.76	9.05	8.74	9.01	7890942	73572824.000
2011-12-19	8.93	9.05	8.72	9.01	7539309	70377192.000
2011-12-20	8.92	9.20	8.91	9.05	11142096	106489992.000
2011-12-21	9.13	9.17	8.90	8.91	6624060	62936208.000
2011-12-22	8.86	9.01	8.76	8.92	9269263	86447456.000
2011-12-23	8.90	8.98	8.80	8.89	8564817	79936744.000
2011-12-26	8.80	8.91	8.76	8.81	5614534	52094292.000
2011-12-27	8.82	8.86	8.70	8.71	5815922	53641328.000
2011-12-28	8.66	8.74	8.44	8.55	10311890	92926184.000
2011-12-29	8.53	8.60	8.41	8.60	7453782	66811740.000
2011-12-30	8.55	8.74	8.55	8.71	5856906	53378000.000
2012-01-04	8.75	8.78	8.46	8.46	7088231	64238068.000
2012-01-05	8.45	8.87	8.43	8.68	16234845	148497456.000
2012-01-06	8.63	8.76	8.57	8.70	9766247	89049680.000
2012-01-09	8.70	8.90	8.65	8.88	13926478	128902312.000
2012-01-10	8.83	9.06	8.82	9.04	18338401	172375232.000
2012-01-11	8.99	9.06	8.89	8.95	9770934	91980384.000
2012-01-12	8.93	9.17	8.92	8.99	10501488	99773824.000
2012-01-13	9.01	9.04	8.80	8.85	8056620	75334936.000
2012-01-16	8.81	8.99	8.79	8.82	6975930	65029700.000
2012-01-17	8.88	9.16	8.75	9.14	18415857	173647248.000
2012-01-18	9.15	9.20	8.97	9.00	12212196	116510032.000
2012-01-19	9.00	9.18	8.99	9.16	11908361	114049112.000
2012-01-20	9.18	9.48	9.16	9.43	20766717	202886592.000
2012-01-30	9.36	9.42	9.23	9.24	12800151	125315272.000
2012-02-01	9.17	9.32	9.09	9.12	7388322	71332712.000
2012-02-02	9.13	9.43	9.09	9.43	10963014	106845600.000
2012-02-03	9.37	9.65	9.33	9.54	17928240	178380256.000
2012-02-06	9.55	9.60	9.35	9.45	11093744	109863728.000
2012-02-07	9.37	9.40	9.23	9.30	6829497	66653304.000
2012-02-08	9.26	9.52	9.26	9.48	11194662	110618376.000
2012-02-09	9.45	9.50	9.38	9.40	8871954	87671944.000
2012-02-10	9.35	9.46	9.30	9.34	11669513	114684680.000
2012-02-13	9.25	9.39	9.19	9.27	11806044	114861384.000
2012-02-14	9.28	9.32	9.11	9.17	12460279	120192216.000
2012-02-15	9.16	9.27	9.09	9.19	16473719	158915024.000
2012-02-16	9.22	9.29	9.18	9.28	14266411	138129296.000
2012-02-17	9.29	9.36	9.21	9.24	10590310	103021232.000
2012-02-20	9.44	9.44	9.25	9.26	18699180	183384208.000
2012-02-21	9.28	9.36	9.20	9.36	10717826	104385848.000
2012-02-22	9.36	9.48	9.32	9.44	19832297	195580064.000
2012-02-23	9.45	9.59	9.43	9.55	23891346	238298832.000
2012-02-24	9.56	9.69	9.44	9.68	27869784	279439392.000
2012-02-27	9.73	9.80	9.64	9.65	25616069	260193264.000
2012-02-28	9.64	9.84	9.61	9.75	26474838	269759808.000
2012-02-29	9.75	9.75	9.56	9.57	16671019	168059888.000
2012-03-01	9.55	9.61	9.53	9.56	8672307	86940712.000
2012-03-02	9.56	9.69	9.54	9.68	18945579	190716352.000
2012-03-05	9.71	9.72	9.56	9.56	15712600	158404896.000
2012-03-06	9.53	9.54	9.35	9.36	14330086	141543440.000
2012-03-07	9.29	9.40	9.26	9.29	12558722	122958576.000
2012-03-08	9.34	9.43	9.33	9.37	10581648	104019984.000
2012-03-09	9.39	9.41	9.32	9.40	14085816	138307696.000
2012-03-12	9.41	9.41	9.29	9.33	16605728	162479984.000
2012-03-13	9.34	9.54	9.34	9.54	23372521	232207168.000
2012-03-14	9.64	9.64	9.22	9.28	29372190	290427072.000
2012-03-15	9.27	9.36	9.19	9.19	16450666	160004640.000
2012-03-16	9.18	9.27	9.10	9.24	13990686	134853376.000
2012-03-19	9.20	9.28	9.16	9.27	8773617	84927408.000
2012-03-20	9.24	9.28	9.10	9.11	7782962	74963872.000
2012-03-21	9.16	9.20	9.03	9.11	7023780	67119136.000
2012-03-22	9.08	9.30	9.04	9.16	10054117	96771392.000
2012-03-23	9.13	9.26	9.07	9.11	9250456	88898912.000
2012-03-26	9.10	9.19	9.08	9.19	5223263	50132376.000
2012-03-27	9.23	9.26	9.15	9.20	5760238	55608160.000
2012-03-28	9.19	9.22	8.85	8.88	9068453	85741616.000
2012-03-29	8.85	8.85	8.64	8.70	10437585	96066952.000
2012-03-30	8.70	8.76	8.67	8.72	6855804	62846984.000
2012-04-05	8.69	8.82	8.55	8.80	12555617	114465584.000
2012-04-06	8.77	8.83	8.69	8.82	10198574	93840672.000
2012-04-09	8.75	8.75	8.66	8.67	6708954	61418896.000
2012-04-10	8.66	8.80	8.60	8.79	8740139	79942512.000
2012-04-11	8.70	8.83	8.69	8.74	7247871	66690596.000
2012-04-12	8.75	9.60	8.72	9.32	45902618	440459520.000
2012-04-13	9.24	9.28	9.09	9.16	27652601	266086432.000
2012-04-16	9.10	9.31	9.07	9.29	18664370	180414512.000
2012-04-17	9.24	9.30	9.12	9.17	13201045	127378752.000
2012-04-18	9.21	9.52	9.16	9.40	24095742	237425296.000
2012-04-19	9.36	9.48	9.30	9.38	15224385	149500288.000
2012-04-20	9.38	9.80	9.36	9.68	42073599	423924224.000
2012-04-23	9.61	9.67	9.49	9.58	21041404	211069424.000
2012-04-24	9.55	10.58	9.52	10.26	111497427	1198713728.000
2012-04-25	10.12	10.57	10.09	10.32	70162842	757051648.000
2012-04-26	10.16	10.27	9.99	10.07	46868357	495367616.000
2012-04-27	10.11	10.29	9.93	10.13	31898155	336779040.000
2012-05-02	10.32	10.39	10.17	10.23	34931258	375224160.000
2012-05-03	10.16	10.21	9.98	10.12	27763542	292508768.000
2012-05-04	10.11	10.34	10.00	10.26	26035029	276780992.000
2012-05-07	10.16	10.31	10.12	10.29	24314767	259363296.000
2012-05-08	10.25	10.25	10.04	10.13	19667054	207866592.000
2012-05-09	10.01	10.02	9.77	9.78	22906407	236889840.000
2012-05-10	9.80	9.91	9.76	9.82	14628896	150602608.000
2012-05-11	9.82	9.98	9.77	9.83	12456826	128630632.000
2012-05-14	9.98	10.02	9.70	9.73	16637888	172175648.000
2012-05-15	9.67	9.82	9.55	9.80	13091474	132469208.000
2012-05-16	9.75	9.78	9.56	9.58	11796784	119182736.000
2012-05-17	9.61	9.82	9.60	9.81	18754646	190615008.000
2012-05-21	9.62	9.72	9.49	9.60	17236794	172875680.000
2012-05-22	9.64	9.73	9.63	9.71	10597639	107361688.000
2012-05-23	9.69	9.75	9.54	9.61	12474873	126051720.000
2012-05-24	9.64	9.72	9.46	9.49	13653874	136744768.000
2012-05-25	9.53	9.55	9.28	9.33	11911443	117074304.000
2012-05-28	9.30	9.46	9.26	9.46	14026958	137656384.000
2012-05-29	9.48	9.66	9.40	9.64	19046831	190497648.000
2012-05-30	9.59	9.60	9.52	9.55	10692552	107008048.000
2012-05-31	9.52	9.65	9.44	9.60	11551878	115641784.000
2012-06-01	9.61	9.69	9.49	9.52	12558254	126115208.000
2012-06-04	9.36	9.39	9.15	9.16	17236696	167736560.000
2012-06-05	9.16	9.22	9.06	9.13	10381682	99609640.000
2012-06-06	9.19	9.25	9.13	9.24	9022816	86997552.000
2012-06-07	9.36	9.39	9.09	9.13	12527079	121446048.000
2012-06-08	9.15	9.18	8.93	8.96	17477943	161850912.000
2012-06-11	8.97	9.07	8.91	9.00	10602154	97850520.000
2012-06-12	8.93	9.17	8.84	9.07	16418439	152051600.000
2012-06-13	9.10	9.28	8.99	9.18	16555913	155532000.000
2012-06-14	9.12	9.18	8.99	9.03	11248900	105030496.000
2012-06-15	9.06	9.93	9.06	9.74	54516464	531196992.000
2012-06-18	9.65	9.73	9.56	9.68	27993919	277239584.000
2012-06-19	9.64	9.89	9.55	9.74	28084168	279893504.000
2012-06-20	9.78	9.99	9.69	9.79	28927755	292440960.000
2012-06-21	9.75	9.78	9.47	9.67	21211814	209358368.000
2012-06-25	9.58	9.80	9.58	9.61	16929184	168260560.000
2012-06-26	9.55	9.89	9.54	9.75	24400343	244532448.000
2012-06-27	9.74	9.77	9.58	9.59	15239653	151284160.000
2012-06-28	9.64	9.69	9.39	9.40	17351865	169106992.000
2012-06-29	9.39	9.83	9.35	9.73	20219278	200100448.000
2012-07-02	9.78	9.80	9.63	9.80	16631997	166071616.000
2012-07-03	9.80	10.00	9.73	9.77	21426709	216930608.000
2012-07-04	9.80	10.44	9.75	10.00	40014028	412709568.000
2012-07-05	9.93	10.04	9.81	9.95	22463702	228146480.000
2012-07-06	9.72	9.90	9.56	9.85	24452050	243349024.000
2012-07-09	9.76	9.76	9.36	9.37	19466110	191325232.000
2012-07-10	9.33	9.50	9.31	9.36	11496238	110962448.000
2012-07-11	9.32	9.48	9.32	9.42	9405742	90876984.000
2012-07-12	9.41	9.48	9.14	9.44	17841987	170399872.000
2012-07-13	9.37	9.70	9.36	9.54	15788516	154901408.000
2012-07-16	9.55	9.55	9.30	9.32	12310290	118287448.000
2012-07-17	9.29	9.60	9.29	9.58	14484966	141257680.000
2012-07-18	9.61	9.78	9.43	9.72	16176993	159271056.000
2012-07-19	9.67	9.85	9.58	9.74	17997072	179910128.000
2012-07-20	9.70	9.81	9.59	9.66	13581207	134933584.000
2012-07-23	9.55	9.57	9.43	9.52	8543005	83277832.000
2012-07-24	9.46	9.65	9.43	9.55	7763871	75958440.000
2012-07-25	9.50	9.70	9.48	9.53	8845281	87065864.000
2012-07-26	9.48	9.63	9.44	9.49	7833523	76610048.000
2012-07-27	9.50	9.86	9.48	9.77	28747606	287054912.000
2012-07-30	9.73	10.03	9.71	9.85	26099701	264544384.000
2012-07-31	9.83	10.01	9.74	9.91	22988115	233784176.000
2012-08-01	9.85	10.00	9.81	9.95	16360409	165988992.000
2012-08-02	9.91	9.95	9.81	9.89	12516849	126862784.000
2012-08-03	9.86	9.95	9.77	9.90	13055270	131929776.000
2012-08-06	9.83	9.99	9.80	9.96	16266731	164884016.000
2012-08-07	9.94	10.01	9.86	9.93	14710430	149746064.000
2012-08-08	9.94	10.10	9.90	9.98	17543482	179781952.000
2012-08-09	9.98	10.01	9.78	9.93	15169056	153662352.000
2012-08-10	9.92	10.01	9.83	9.83	13082557	132999104.000
2012-08-13	9.82	9.89	9.63	9.64	14282417	142944000.000
2012-08-14	9.66	9.73	9.44	9.72	16293421	160172272.000
2012-08-15	9.65	9.66	9.51	9.57	11081879	108909224.000
2012-08-16	9.55	9.65	9.52	9.59	6823478	67172552.000
2012-08-17	9.56	9.66	9.54	9.65	5801897	57199076.000
2012-08-20	9.58	9.59	9.34	9.46	10394700	100641240.000
2012-08-21	9.45	9.56	9.40	9.47	6943076	67654176.000
2012-08-22	9.50	9.50	9.36	9.41	7100167	68548672.000
2012-08-23	9.39	9.45	9.24	9.28	12996140	124306552.000
2012-08-24	9.26	9.27	9.14	9.15	7583390	71613488.000
2012-08-27	9.13	9.22	9.07	9.14	7100231	66745548.000
2012-08-28	9.12	9.36	9.12	9.28	8320666	79042192.000
2012-08-29	9.25	9.29	9.18	9.23	5431969	51474308.000
2012-08-30	9.18	9.44	9.15	9.35	14015268	134390784.000
2012-08-31	9.34	9.36	9.27	9.33	7212657	69003728.000
2012-09-03	9.31	9.42	9.24	9.34	9480695	90631712.000
2012-09-04	9.30	9.35	9.10	9.11	10307455	97320464.000
2012-09-05	9.09	9.12	8.91	8.98	11278219	104022856.000
2012-09-06	8.98	9.18	8.97	9.13	9831827	91616512.000
2012-09-07	9.15	9.62	9.12	9.32	30793245	295947744.000
2012-09-10	9.29	9.36	9.26	9.33	10980117	104933616.000
2012-09-11	9.31	9.32	9.22	9.29	7271284	69203184.000
2012-09-12	9.32	9.39	9.15	9.25	15230891	144873872.000
2012-09-13	9.25	9.31	9.19	9.23	9201925	87447056.000
2012-09-14	9.31	9.45	9.19	9.35	17212214	165311728.000
2012-09-17	9.31	9.33	9.05	9.06	12056895	113330072.000
2012-09-18	9.01	9.12	8.98	9.02	5635289	52354044.000
2012-09-19	9.05	9.08	8.96	9.02	5089344	47151408.000
2012-09-20	8.98	9.01	8.65	8.68	11928682	108342392.000
2012-09-21	8.68	8.81	8.56	8.59	8065916	72132552.000
2012-09-24	8.54	8.75	8.45	8.64	6957812	61797260.000
2012-09-25	8.57	8.68	8.53	8.58	4314892	38150864.000
2012-09-26	8.60	8.63	8.43	8.45	5027198	44002248.000
2012-09-27	8.49	8.84	8.44	8.71	12857864	114782720.000
2012-09-28	8.62	8.83	8.61	8.80	10436680	93858120.000
2012-10-08	8.81	8.95	8.79	8.84	7875277	71666776.000
2012-10-09	8.90	9.01	8.86	8.94	9709417	89298072.000
2012-10-10	8.93	8.94	8.85	8.93	4954359	45317896.000
2012-10-11	8.89	8.92	8.86	8.86	5614804	51240284.000
2012-10-12	8.88	8.98	8.83	8.91	5614817	51422908.000
2012-10-15	8.90	8.93	8.82	8.90	4836643	44156148.000
2012-10-16	8.90	9.05	8.84	8.93	7450639	68627456.000
2012-10-17	8.93	8.99	8.86	8.93	6866448	62926020.000
2012-10-18	8.95	9.00	8.86	8.97	13738839	126356592.000
2012-10-19	8.96	8.96	8.87	8.89	6873989	62974936.000
2012-10-22	8.85	8.98	8.85	8.95	5342080	48961272.000
2012-10-23	8.95	8.97	8.83	8.84	7009398	64102780.000
2012-10-24	8.84	8.87	8.68	8.71	9755803	87818264.000
2012-10-25	8.71	8.75	8.61	8.64	8577851	76499032.000
2012-10-26	8.65	8.68	8.49	8.53	7668955	67579464.000
2012-10-29	8.57	8.66	8.55	8.60	5664549	50133956.000
2012-10-30	8.60	8.78	8.58	8.72	9638879	86188176.000
2012-10-31	8.73	8.74	8.65	8.70	5016740	44836692.000
2012-11-01	8.72	8.91	8.69	8.82	12974002	117589776.000
2012-11-02	8.83	8.94	8.79	8.93	12346927	112764888.000
2012-11-05	8.91	9.04	8.86	8.88	8641491	79380520.000
2012-11-06	8.90	8.91	8.73	8.82	8116303	73438984.000
2012-11-07	8.85	8.90	8.80	8.88	6080301	55424200.000
2012-11-08	8.79	8.88	8.63	8.63	7908994	71223456.000
2012-11-09	8.64	8.74	8.63	8.67	4016300	35886916.000
2012-11-12	8.70	8.84	8.69	8.84	5237405	47329688.000
2012-11-13	8.85	8.87	8.66	8.67	5033974	45247652.000
2012-11-14	8.73	8.74	8.65	8.70	4029631	36037864.000
2012-11-15	8.69	8.71	8.53	8.58	4254306	37732872.000
2012-11-16	8.58	8.61	8.50	8.60	4740923	41745548.000
2012-11-19	8.59	8.69	8.55	8.66	3891460	34564336.000
2012-11-20	8.66	8.73	8.63	8.64	3808246	33991360.000
2012-11-21	8.64	8.83	8.64	8.82	5442526	48984620.000
2012-11-22	8.78	8.83	8.75	8.76	4585898	41470240.000
2012-11-23	8.79	8.86	8.76	8.82	5073004	46005524.000
2012-11-26	8.78	8.83	8.66	8.72	3711907	33338214.000
2012-11-27	8.66	8.76	8.60	8.61	6103199	54418004.000
2012-11-28	8.56	8.65	8.55	8.58	4896172	43320920.000
2012-11-29	8.61	8.67	8.53	8.53	4930161	43616104.000
2012-11-30	8.55	8.65	8.43	8.47	9098657	79885768.000
2012-12-03	8.48	8.50	7.88	7.90	15959469	133816576.000
2012-12-04	7.90	8.05	7.89	8.02	7586507	62327552.000
2012-12-05	8.01	8.74	7.98	8.57	22052449	191345920.000
2012-12-06	8.45	8.67	8.42	8.64	11771318	103797616.000
2012-12-07	8.60	8.97	8.58	8.94	23975745	218556288.000
2012-12-10	8.93	9.17	8.93	9.07	21960593	204063408.000
2012-12-11	9.02	9.12	8.95	8.95	8378224	77751344.000
2012-12-12	8.95	9.18	8.93	9.15	18811577	175741200.000
2012-12-13	9.13	9.13	9.01	9.03	9374982	87170584.000
2012-12-14	9.00	9.96	8.99	9.85	52548286	521602944.000
2012-12-17	9.85	10.03	9.70	9.90	31638717	319749120.000
2012-12-18	9.80	10.01	9.71	9.81	24640079	249223152.000
2012-12-19	9.80	9.90	9.73	9.82	13742399	137989392.000
2012-12-20	9.72	9.75	9.52	9.73	17400702	171988976.000
2012-12-21	9.72	9.77	9.59	9.70	14443744	143195344.000
2012-12-24	9.67	9.95	9.63	9.72	16186894	162438640.000
2012-12-25	9.65	10.30	9.64	10.09	27482534	283945760.000
2012-12-26	10.05	10.21	9.95	10.13	16539324	170264848.000
2012-12-27	10.16	10.24	9.96	9.98	14313514	147378272.000
2012-12-28	10.04	10.16	9.91	10.09	11343535	116893160.000
2012-12-31	10.09	10.41	10.09	10.41	21925442	231357200.000
2013-01-04	10.49	10.65	10.15	10.30	20165634	214105968.000
2013-01-07	10.20	10.45	10.18	10.28	13393618	141037664.000
2013-01-08	10.30	10.83	10.15	10.20	19642553	207717376.000
2013-01-09	10.20	10.26	9.92	10.02	15903314	164402016.000
2013-01-10	10.03	10.12	9.94	10.05	16869317	173378512.000
2013-01-11	10.04	10.09	9.75	9.82	14112082	143656592.000
2013-01-14	9.81	10.32	9.77	10.30	21551026	223943520.000
2013-01-15	10.29	10.30	10.19	10.27	20237061	212453072.000
2013-01-16	10.26	10.30	10.03	10.12	13890700	144512704.000
2013-01-17	10.09	10.19	9.90	10.09	12432847	127788328.000
2013-01-18	10.10	10.40	10.09	10.31	17334606	182157248.000
2013-01-21	10.33	10.63	10.19	10.56	22727794	241916544.000
2013-01-22	10.54	11.60	10.45	11.23	62252427	706176896.000
2013-01-23	11.10	11.52	11.03	11.24	37223032	430020320.000
2013-01-24	11.25	12.25	11.24	11.70	59561211	714956352.000
2013-01-25	11.58	11.97	11.45	11.55	27035824	321682336.000
2013-01-28	11.55	12.30	11.55	12.25	46326049	569819392.000
2013-01-29	12.25	12.34	11.95	12.19	35735578	443673984.000
2013-01-30	12.16	12.17	11.87	12.04	27375302	334959200.000
2013-01-31	12.04	12.10	11.69	12.01	25159906	304823296.000
2013-02-01	11.91	12.31	11.78	12.31	41641854	514041440.000
2013-02-04	12.18	12.54	11.95	12.05	37755393	471970592.000
2013-02-05	11.93	11.94	11.44	11.70	34834588	415390336.000
2013-02-06	11.63	11.78	11.45	11.67	30977698	367663776.000
2013-02-07	11.63	11.70	11.15	11.36	38651010	448882016.000
2013-02-08	11.36	11.64	11.30	11.54	23326543	273522144.000
2013-02-18	11.65	11.81	11.51	11.54	22543875	268143024.000
2013-02-19	11.51	11.65	11.43	11.55	18406461	216853168.000
2013-02-20	11.56	11.61	11.13	11.35	19017068	219277104.000
2013-02-21	11.23	11.23	10.74	10.79	25677428	286639968.000
2013-02-22	10.78	10.86	10.53	10.59	16965374	185706016.000
2013-02-25	10.64	10.97	10.63	10.87	18017576	199113296.000
2013-02-26	10.75	11.20	10.62	10.77	30164864	339669472.000
2013-02-27	10.83	11.08	10.79	10.99	16443255	183678128.000
2013-02-28	11.08	11.46	10.92	11.45	32177149	369766688.000
2013-03-01	11.42	11.47	11.11	11.28	22534428	260339632.000
2013-03-04	10.95	10.95	10.51	10.59	23851479	261908976.000
2013-03-05	10.55	11.30	10.45	11.25	34632140	384951424.000
2013-03-06	11.22	11.35	11.03	11.21	30681684	351655712.000
2013-03-07	11.14	11.18	10.76	10.97	19698436	221188976.000
2013-03-08	10.95	11.08	10.86	10.96	11513770	129389736.000
2013-03-11	10.96	10.99	10.75	10.81	9121506	101211272.000
2013-03-12	10.76	10.91	10.37	10.45	16459774	178916832.000
2013-03-13	10.45	10.65	10.28	10.44	12229779	131232016.000
2013-03-14	10.46	10.53	10.38	10.42	10364842	110757496.000
2013-03-15	10.43	10.80	10.18	10.40	16381880	176306688.000
2013-03-18	10.35	10.61	10.25	10.28	8361639	88780320.000
2013-03-19	10.32	10.60	10.31	10.56	13813022	148360576.000
2013-03-20	10.51	11.11	10.48	11.04	28237785	315845280.000
2013-03-21	10.98	11.12	10.89	10.98	16717668	188452672.000
2013-03-22	10.98	11.41	10.95	11.29	27349040	314447552.000
2013-03-25	11.29	11.37	11.13	11.19	12965486	148690720.000
2013-03-26	11.13	11.15	10.80	10.89	12492851	139604768.000
2013-03-27	10.90	11.50	10.90	11.24	34941069	402671840.000
2013-03-28	10.75	10.75	10.23	10.40	39723788	424344480.000
2013-03-29	10.42	10.47	10.23	10.34	13186990	139969600.000
2013-04-01	10.34	10.44	10.30	10.35	8554759	90768664.000
2013-04-02	10.36	10.49	10.30	10.33	8657010	92081120.000
2013-04-03	10.34	10.52	10.31	10.40	9138285	97504824.000
2013-04-08	10.21	10.53	10.13	10.50	11822858	125514304.000
2013-04-09	10.54	10.60	10.44	10.49	11010079	118526488.000
2013-04-10	10.43	10.48	10.27	10.36	7694266	81571416.000
2013-04-11	10.49	10.49	10.28	10.31	8400993	89236968.000
2013-04-12	10.32	10.38	10.20	10.21	6399950	67287848.000
2013-04-15	10.22	10.29	10.13	10.20	5075991	52968496.000
2013-04-16	10.17	10.24	10.00	10.24	10963247	113832280.000
2013-04-17	10.24	10.24	9.91	10.00	10908936	112067248.000
2013-04-18	9.87	10.11	9.74	10.10	12813898	130792024.000
2013-04-19	10.10	10.53	10.06	10.48	22503705	238720208.000
2013-04-22	10.35	10.48	10.33	10.41	10033708	106813440.000
2013-04-23	10.47	10.47	10.00	10.01	10738770	111470016.000
2013-04-24	9.98	10.31	9.83	10.18	20570686	211187696.000
2013-04-25	10.06	10.18	9.89	9.95	12707266	130272680.000
2013-04-26	10.01	10.12	9.86	9.93	11593667	118769704.000
2013-05-02	9.85	9.91	9.76	9.88	11590012	116663576.000
2013-05-03	9.90	10.24	9.89	10.09	18086955	187205296.000
2013-05-06	10.09	10.32	10.07	10.24	17440273	182610656.000
2013-05-07	10.18	10.23	10.10	10.19	9575470	99697904.000
2013-05-08	10.27	10.37	10.15	10.21	10459580	109772952.000
2013-05-09	10.21	10.22	9.99	10.08	9633678	99480240.000
2013-05-10	10.05	10.20	9.98	10.16	9192473	95271192.000
2013-05-13	10.15	10.16	9.99	10.03	13227095	136117408.000
2013-05-14	9.99	10.02	9.74	9.84	15437491	155915648.000
2013-05-15	9.84	9.95	9.83	9.93	7669145	77949224.000
2013-05-16	9.88	10.22	9.79	10.18	17365977	178834240.000
2013-05-17	10.16	10.34	10.10	10.31	20241323	212742272.000
2013-05-20	10.34	10.59	10.26	10.38	26512356	283310208.000
2013-05-21	10.32	10.38	10.21	10.32	16522261	174283184.000
2013-05-22	10.34	10.61	10.32	10.43	17359209	185382048.000
2013-05-23	10.37	10.51	10.26	10.30	15020624	159567056.000
2013-05-24	10.31	10.54	10.26	10.34	12538026	132945288.000
2013-05-27	10.37	10.50	10.30	10.38	12016110	127731048.000
2013-05-28	10.42	10.71	10.31	10.70	30638006	330676064.000
2013-05-29	10.69	10.73	10.53	10.55	21453336	233408896.000
2013-05-30	10.50	10.61	10.40	10.46	14334801	154039376.000
2013-05-31	10.50	10.53	10.35	10.35	12401712	132559280.000
2013-06-03	10.28	10.45	10.28	10.34	10065284	106863424.000
2013-06-04	10.34	10.36	10.21	10.23	9479744	99649280.000
2013-06-05	10.24	10.27	10.09	10.13	7975522	83126112.000
2013-06-06	10.10	10.19	9.98	10.00	9387362	96892072.000
2013-06-07	10.02	10.10	9.79	9.85	10443984	106133600.000
2013-06-13	9.77	9.78	9.15	9.38	18023623	175013280.000
2013-06-14	9.38	9.44	9.35	9.39	9745288	93899944.000
2013-06-17	9.44	9.45	9.27	9.29	9818893	94221552.000
2013-06-18	9.37	9.43	9.31	9.35	9542718	91799920.000
2013-06-19	9.32	9.32	9.02	9.14	14554860	136407072.000
2013-06-20	9.08	9.11	8.86	8.87	13052924	120141464.000
2013-06-21	8.72	8.98	8.65	8.88	12420981	113147376.000
2013-06-24	8.83	8.83	7.97	7.98	33687727	287053536.000
2013-06-25	7.95	8.04	7.26	7.98	36914206	293867104.000
2013-06-26	8.00	8.04	7.80	7.89	19898684	162158288.000
2013-06-27	7.92	8.04	7.86	7.95	19024092	156130224.000
2013-06-28	7.90	8.26	7.76	8.22	24715956	206642448.000
2013-07-01	8.15	8.24	8.07	8.17	17293301	145102832.000
2013-07-02	8.20	8.20	8.02	8.12	11436723	95488472.000
2013-07-03	8.10	8.10	7.87	7.96	12510606	102783944.000
2013-07-04	7.92	8.12	7.84	8.05	16425356	135200784.000
2013-07-05	8.08	8.17	8.03	8.06	10323642	86098536.000
2013-07-08	8.00	8.00	7.80	7.83	10915662	88673152.000
2013-07-09	7.82	7.94	7.80	7.85	9750828	79103816.000
2013-07-10	7.87	8.09	7.83	8.08	12237379	100638528.000
2013-07-11	8.13	8.87	8.11	8.75	41259117	363157088.000
2013-07-12	8.70	8.81	8.43	8.46	25789182	222822304.000
2013-07-15	8.48	8.83	8.43	8.59	21453251	185158480.000
2013-07-16	8.58	8.62	8.42	8.59	13965663	118741080.000
2013-07-17	8.56	8.67	8.46	8.47	13621892	116572968.000
2013-07-18	8.46	8.47	8.20	8.27	13386421	111444520.000
2013-07-19	8.31	8.32	8.02	8.05	17235466	140959136.000
2013-07-22	7.95	8.07	7.85	8.04	13378970	106387552.000
2013-07-23	8.03	8.35	8.01	8.25	17596506	144614624.000
2013-07-24	8.20	8.22	7.99	8.13	15633184	126562288.000
2013-07-25	8.15	8.23	8.04	8.11	11090696	90198608.000
2013-07-26	8.06	8.10	7.99	8.02	9530767	76621992.000
2013-07-29	7.95	7.95	7.84	7.88	10073641	79418400.000
2013-07-30	7.92	8.18	7.90	8.01	11840795	95252176.000
2013-07-31	8.11	8.14	8.01	8.03	8831425	71258976.000
2013-08-01	8.04	8.21	8.03	8.17	11222617	91383200.000
2013-08-02	8.22	8.27	8.12	8.14	10988012	89803232.000
2013-08-05	8.15	8.22	8.13	8.21	8678823	70997536.000
2013-08-06	8.20	8.30	8.14	8.26	12611797	103620064.000
2013-08-07	8.27	8.36	8.21	8.23	13791388	114402376.000
2013-08-08	8.19	8.34	8.14	8.23	11328767	93156616.000
2013-08-09	8.26	8.33	8.10	8.18	13520707	110888904.000
2013-08-12	8.18	8.48	8.17	8.46	24866195	208102560.000
2013-08-13	8.50	8.51	8.39	8.47	18089092	152818976.000
2013-08-14	8.47	8.63	8.44	8.48	20537775	175024384.000
2013-08-15	8.47	8.50	8.30	8.30	13489072	113345496.000
2013-08-16	8.27	8.98	8.21	8.44	42730429	366623936.000
2013-08-19	8.29	8.59	8.23	8.51	22546440	189216208.000
2013-08-20	8.46	8.66	8.42	8.45	22101439	188698400.000
2013-08-21	8.50	8.50	8.31	8.40	10900481	91465384.000
2013-08-22	8.37	8.57	8.34	8.41	13899837	117805344.000
2013-08-23	8.45	8.51	8.12	8.30	17683625	147159088.000
2013-08-26	8.35	8.47	8.28	8.46	12821664	107793504.000
2013-08-27	8.45	8.56	8.41	8.52	12158233	103284864.000
2013-08-28	8.49	8.51	8.35	8.43	13669649	115326192.000
2013-08-29	8.54	8.59	8.43	8.44	15043056	127794424.000
2013-08-30	8.47	8.70	8.47	8.63	31512472	271305856.000
2013-09-02	8.68	8.75	8.55	8.68	20709954	179053136.000
2013-09-03	8.69	8.84	8.65	8.81	21365126	187554592.000
2013-09-04	8.80	8.87	8.74	8.78	18803879	165483264.000
2013-09-05	8.75	8.81	8.64	8.66	14143949	123093264.000
2013-09-06	8.65	8.92	8.57	8.77	22488302	196386672.000
2013-09-09	8.88	9.57	8.80	9.48	66713235	620889920.000
2013-09-10	9.47	9.54	9.22	9.41	38100424	356258016.000
2013-09-11	9.42	9.70	9.37	9.41	36329363	345980128.000
2013-09-12	9.40	9.99	9.31	9.82	52511142	511467200.000
2013-09-13	9.71	9.93	9.69	9.77	33577217	329301856.000
2013-09-16	9.85	9.90	9.50	9.59	25466208	246200144.000
2013-09-17	9.58	9.68	9.21	9.25	22423299	210532992.000
2013-09-18	9.25	9.32	9.08	9.26	15592427	143695840.000
2013-09-23	9.24	9.32	9.11	9.26	19269111	177620592.000
2013-09-24	9.27	9.28	8.96	9.09	25138479	227594320.000
2013-09-25	9.05	9.15	8.96	8.98	19985756	180880000.000
2013-09-26	8.95	8.96	8.71	8.74	19893865	175001808.000
2013-09-27	8.76	8.86	8.74	8.82	12102953	106586632.000
2013-09-30	8.85	8.89	8.82	8.86	10184299	90217816.000
2013-10-08	8.85	9.04	8.76	8.99	12431774	111072784.000
2013-10-09	8.94	9.18	8.93	9.08	16658198	151287056.000
2013-10-10	9.08	9.11	8.89	8.91	14490159	130353016.000
2013-10-11	9.05	9.16	9.02	9.14	30199597	274859840.000
2013-10-14	9.10	9.12	9.04	9.06	16441848	149045728.000
2013-10-15	9.07	9.09	8.91	8.97	16119309	144905120.000
2013-10-16	8.96	8.98	8.83	8.87	12053475	107138056.000
2013-10-17	8.89	8.96	8.82	8.83	9286260	82550080.000
2013-10-18	8.87	9.04	8.83	8.95	11483707	102756056.000
2013-10-21	8.96	9.07	8.89	9.06	13088611	117794480.000
2013-10-22	9.02	9.08	8.95	8.97	10217001	92042432.000
2013-10-23	9.00	9.34	8.97	9.08	25641836	234998544.000
2013-10-24	9.08	9.26	8.96	9.11	18626078	170049568.000
2013-10-25	9.12	9.45	9.12	9.29	33461455	310696960.000
2013-10-28	9.32	9.54	9.20	9.48	32044014	301043360.000
2013-10-29	9.48	9.89	9.30	9.60	64775892	623343744.000
2013-10-30	9.61	9.68	9.43	9.60	31598428	301499968.000
2013-10-31	9.55	9.55	9.18	9.20	32100499	298873152.000
2013-11-01	9.20	9.33	9.11	9.26	17534712	161549696.000
2013-11-04	9.26	9.33	9.15	9.17	14460660	133371152.000
2013-11-05	9.13	9.19	8.94	9.18	17922029	162169696.000
2013-11-06	9.11	9.13	8.99	8.99	12901198	116784832.000
2013-11-07	9.00	9.11	8.98	9.09	11784159	106724568.000
2013-11-08	9.06	9.13	8.98	9.00	10642023	96242384.000
2013-11-11	9.00	9.06	8.95	9.00	7713742	69460624.000
2013-11-12	9.05	9.16	9.01	9.12	13501047	122904552.000
2013-11-13	9.05	9.07	8.68	8.73	21604563	191436752.000
2013-11-14	8.76	8.77	8.63	8.71	11684435	101611640.000
2013-11-15	8.72	8.97	8.71	8.85	16216523	143769088.000
2013-11-18	8.87	9.22	8.82	9.20	23108507	208628960.000
2013-11-19	9.18	9.19	9.03	9.05	17069887	155265344.000
2013-11-20	9.15	9.18	9.03	9.11	10219103	92938240.000
2013-11-21	9.09	9.09	8.90	9.04	15631087	140445968.000
2013-11-22	9.06	9.12	8.98	9.00	9681755	87587760.000
2013-11-25	8.96	9.20	8.93	9.07	17335352	157920224.000
2013-11-26	9.06	9.22	9.05	9.12	16469718	150718064.000
2013-11-27	9.10	9.26	9.02	9.20	18047319	165333584.000
2013-11-28	9.20	9.31	9.17	9.22	17298849	159967744.000
2013-11-29	9.28	9.32	9.16	9.19	12070669	111288616.000
2013-12-02	9.15	9.48	9.13	9.39	41747586	390297696.000
2013-12-03	9.38	9.42	9.25	9.40	18698829	174796640.000
2013-12-04	9.45	9.55	9.36	9.45	24092792	228583088.000
2013-12-05	9.49	9.57	9.42	9.52	18250701	173256304.000
2013-12-06	9.52	9.52	9.38	9.42	13469160	126967912.000
2013-12-09	9.42	9.51	9.38	9.42	11357509	107002768.000
2013-12-10	9.44	9.57	9.44	9.49	14830301	140915328.000
